10112	A	1	61.750
10112	A	2	10.410
10112	A	3	22.860
10112	A	4	1.920
10112	A	5	1.550
10112	A	6	98.600
10112	A	7	86.660
10112	A	8	23.490
10112	C	1	8.490
10112	C	2	68.200
10112	C	3	65.250
10112	C	4	0.500
10112	C	5	0.350
10112	C	6	0.250
10112	C	7	2.570
10112	C	8	8.710
10112	G	1	15.180
10112	G	2	17.270
10112	G	3	8.300
10112	G	4	94.770
10112	G	5	97.320
10112	G	6	0.870
10112	G	7	0.000
10112	G	8	64.000
10112	T	1	14.580
10112	T	2	4.130
10112	T	3	3.590
10112	T	4	2.810
10112	T	5	0.780
10112	T	6	0.280
10112	T	7	10.770
10112	T	8	3.800
10113	A	1	0.000
10113	A	2	0.740
10113	A	3	100.000
10113	A	4	0.000
10113	A	5	0.000
10113	A	6	2.060
10113	C	1	0.000
10113	C	2	0.000
10113	C	3	0.000
10113	C	4	94.060
10113	C	5	0.000
10113	C	6	10.320
10113	G	1	0.000
10113	G	2	96.970
10113	G	3	0.000
10113	G	4	1.480
10113	G	5	100.000
10113	G	6	0.000
10113	T	1	100.000
10113	T	2	2.290
10113	T	3	0.000
10113	T	4	4.460
10113	T	5	0.000
10113	T	6	87.610
10114	A	1	0.000
10114	A	2	0.000
10114	A	3	1.420
10114	A	4	29.190
10114	A	5	42.350
10114	A	6	19.440
10114	A	7	1.420
10114	A	8	2.840
10114	A	9	2.160
10114	A	10	4.110
10114	C	1	10.460
10114	C	2	2.260
10114	C	3	0.000
10114	C	4	2.260
10114	C	5	16.160
10114	C	6	3.270
10114	C	7	5.500
10114	C	8	27.040
10114	C	9	90.670
10114	C	10	91.170
10114	G	1	79.710
10114	G	2	90.850
10114	G	3	93.760
10114	G	4	54.490
10114	G	5	15.200
10114	G	6	4.150
10114	G	7	2.730
10114	G	8	0.000
10114	G	9	0.000
10114	G	10	1.280
10114	T	1	9.830
10114	T	2	6.890
10114	T	3	4.820
10114	T	4	14.060
10114	T	5	26.290
10114	T	6	73.140
10114	T	7	90.350
10114	T	8	70.120
10114	T	9	7.170
10114	T	10	3.440
10115	A	1	48.870
10115	A	2	3.160
10115	A	3	5.580
10115	A	4	14.550
10115	A	5	13.160
10115	A	6	74.360
10115	C	1	3.500
10115	C	2	0.690
10115	C	3	2.360
10115	C	4	4.740
10115	C	5	77.720
10115	C	6	17.390
10115	G	1	37.100
10115	G	2	86.630
10115	G	3	80.060
10115	G	4	6.770
10115	G	5	4.080
10115	G	6	6.620
10115	T	1	10.530
10115	T	2	9.520
10115	T	3	11.990
10115	T	4	73.940
10115	T	5	5.040
10115	T	6	1.630
10116	A	1	3.060
10116	A	2	24.600
10116	A	3	0.000
10116	A	4	0.350
10116	A	5	1.350
10116	A	6	76.100
10116	A	7	2.220
10116	A	8	16.920
10116	A	9	6.650
10116	C	1	2.420
10116	C	2	0.000
10116	C	3	1.790
10116	C	4	1.030
10116	C	5	0.000
10116	C	6	0.000
10116	C	7	40.680
10116	C	8	10.320
10116	C	9	20.280
10116	G	1	0.000
10116	G	2	74.290
10116	G	3	0.770
10116	G	4	0.000
10116	G	5	8.650
10116	G	6	20.650
10116	G	7	6.370
10116	G	8	22.620
10116	G	9	11.580
10116	T	1	94.520
10116	T	2	1.110
10116	T	3	97.440
10116	T	4	98.630
10116	T	5	90.000
10116	T	6	3.250
10116	T	7	50.730
10116	T	8	50.140
10116	T	9	61.490
10117	A	1	60.010
10117	A	2	2.710
10117	A	3	0.000
10117	A	4	40.480
10117	A	5	3.480
10117	A	6	50.270
10117	A	7	15.680
10117	A	8	65.180
10117	A	9	72.660
10117	C	1	8.660
10117	C	2	3.090
10117	C	3	1.350
10117	C	4	0.000
10117	C	5	77.620
10117	C	6	4.210
10117	C	7	20.620
10117	C	8	20.730
10117	C	9	7.490
10117	G	1	28.620
10117	G	2	1.250
10117	G	3	6.030
10117	G	4	54.170
10117	G	5	2.850
10117	G	6	42.670
10117	G	7	4.650
10117	G	8	5.800
10117	G	9	4.370
10117	T	1	2.710
10117	T	2	92.950
10117	T	3	92.610
10117	T	4	5.350
10117	T	5	16.050
10117	T	6	2.850
10117	T	7	59.040
10117	T	8	8.290
10117	T	9	15.490
10118	A	1	61.350
10118	A	2	21.780
10118	A	3	3.740
10118	A	4	83.860
10118	A	5	4.030
10118	A	6	5.810
10118	A	7	5.060
10118	A	8	2.850
10118	C	1	12.120
10118	C	2	35.060
10118	C	3	90.950
10118	C	4	1.160
10118	C	5	65.160
10118	C	6	25.730
10118	C	7	4.130
10118	C	8	0.000
10118	G	1	22.970
10118	G	2	26.550
10118	G	3	1.480
10118	G	4	8.640
10118	G	5	21.070
10118	G	6	67.790
10118	G	7	0.180
10118	G	8	94.960
10118	T	1	3.560
10118	T	2	16.600
10118	T	3	3.820
10118	T	4	6.330
10118	T	5	9.750
10118	T	6	0.670
10118	T	7	90.630
10118	T	8	2.190
10119	A	1	3.180
10119	A	2	1.110
10119	A	3	70.030
10119	A	4	17.720
10119	A	5	52.730
10119	A	6	16.400
10119	A	7	53.030
10119	A	8	17.940
10119	A	9	28.120
10119	A	10	5.370
10119	C	1	91.040
10119	C	2	49.380
10119	C	3	7.460
10119	C	4	5.190
10119	C	5	0.890
10119	C	6	0.440
10119	C	7	2.000
10119	C	8	4.990
10119	C	9	0.000
10119	C	10	1.780
10119	G	1	1.760
10119	G	2	1.340
10119	G	3	3.750
10119	G	4	5.340
10119	G	5	1.100
10119	G	6	0.440
10119	G	7	3.580
10119	G	8	3.290
10119	G	9	70.370
10119	G	10	84.550
10119	T	1	4.020
10119	T	2	48.170
10119	T	3	18.750
10119	T	4	71.750
10119	T	5	45.280
10119	T	6	82.720
10119	T	7	41.390
10119	T	8	73.780
10119	T	9	1.510
10119	T	10	8.300
10120	A	1	33.730
10120	A	2	25.740
10120	A	3	34.150
10120	A	4	5.830
10120	A	5	26.400
10120	A	6	1.500
10120	A	7	2.330
10120	A	8	1.800
10120	C	1	2.900
10120	C	2	4.350
10120	C	3	3.850
10120	C	4	70.790
10120	C	5	19.910
10120	C	6	20.560
10120	C	7	1.000
10120	C	8	1.520
10120	G	1	6.350
10120	G	2	36.620
10120	G	3	20.980
10120	G	4	5.330
10120	G	5	47.120
10120	G	6	71.640
10120	G	7	0.000
10120	G	8	1.200
10120	T	1	57.030
10120	T	2	33.280
10120	T	3	41.020
10120	T	4	18.060
10120	T	5	6.570
10120	T	6	6.300
10120	T	7	96.670
10120	T	8	95.480
10121	A	1	75.210
10121	A	2	60.100
10121	A	3	5.250
10121	A	4	65.220
10121	A	5	80.830
10121	A	6	7.910
10121	A	7	12.700
10121	C	1	8.160
10121	C	2	3.430
10121	C	3	4.650
10121	C	4	2.270
10121	C	5	1.860
10121	C	6	0.980
10121	C	7	7.910
10121	G	1	6.440
10121	G	2	14.290
10121	G	3	3.440
10121	G	4	21.190
10121	G	5	10.820
10121	G	6	7.170
10121	G	7	8.040
10121	T	1	10.190
10121	T	2	22.170
10121	T	3	86.670
10121	T	4	11.320
10121	T	5	6.490
10121	T	6	83.940
10121	T	7	71.350
10122	A	1	60.430
10122	A	2	1.680
10122	A	3	1.610
10122	A	4	11.290
10122	A	5	12.280
10122	A	6	10.050
10122	C	1	9.000
10122	C	2	6.340
10122	C	3	4.960
10122	C	4	6.650
10122	C	5	8.380
10122	C	6	17.540
10122	G	1	0.000
10122	G	2	14.030
10122	G	3	0.920
10122	G	4	74.530
10122	G	5	3.140
10122	G	6	10.700
10122	T	1	30.580
10122	T	2	77.940
10122	T	3	92.510
10122	T	4	7.530
10122	T	5	76.200
10122	T	6	61.710
