9238	A	1	3.000
9238	A	2	1.000
9238	A	3	5.000
9238	A	4	7.000
9238	A	5	3.000
9238	A	6	6.000
9238	A	7	4.000
9238	A	8	7.000
9238	A	9	1.000
9238	A	10	9.000
9238	A	11	8.000
9238	A	12	5.000
9238	A	13	4.000
9238	A	14	2.000
9238	C	1	1.000
9238	C	2	1.000
9238	C	3	2.000
9238	C	4	0.000
9238	C	5	0.000
9238	C	6	0.000
9238	C	7	1.000
9238	C	8	0.000
9238	C	9	8.000
9238	C	10	0.000
9238	C	11	0.000
9238	C	12	0.000
9238	C	13	0.000
9238	C	14	3.000
9238	G	1	4.000
9238	G	2	1.000
9238	G	3	1.000
9238	G	4	1.000
9238	G	5	0.000
9238	G	6	0.000
9238	G	7	4.000
9238	G	8	1.000
9238	G	9	0.000
9238	G	10	0.000
9238	G	11	1.000
9238	G	12	3.000
9238	G	13	0.000
9238	G	14	2.000
9238	T	1	1.000
9238	T	2	6.000
9238	T	3	1.000
9238	T	4	1.000
9238	T	5	6.000
9238	T	6	3.000
9238	T	7	0.000
9238	T	8	1.000
9238	T	9	0.000
9238	T	10	0.000
9238	T	11	0.000
9238	T	12	1.000
9238	T	13	5.000
9238	T	14	2.000
9239	A	1	3.000
9239	A	2	5.000
9239	A	3	0.000
9239	A	4	0.000
9239	A	5	12.000
9239	A	6	1.000
9239	A	7	2.000
9239	A	8	1.000
9239	C	1	1.000
9239	C	2	2.000
9239	C	3	10.000
9239	C	4	1.000
9239	C	5	0.000
9239	C	6	1.000
9239	C	7	0.000
9239	C	8	2.000
9239	G	1	1.000
9239	G	2	1.000
9239	G	3	0.000
9239	G	4	0.000
9239	G	5	0.000
9239	G	6	2.000
9239	G	7	1.000
9239	G	8	1.000
9239	T	1	7.000
9239	T	2	4.000
9239	T	3	2.000
9239	T	4	11.000
9239	T	5	0.000
9239	T	6	8.000
9239	T	7	9.000
9239	T	8	8.000
9240	A	1	3.000
9240	A	2	9.000
9240	A	3	10.000
9240	A	4	12.000
9240	A	5	0.000
9240	A	6	4.000
9240	A	7	10.000
9240	A	8	6.000
9240	A	9	6.000
9240	A	10	4.000
9240	A	11	2.000
9240	C	1	1.000
9240	C	2	2.000
9240	C	3	0.000
9240	C	4	0.000
9240	C	5	10.000
9240	C	6	0.000
9240	C	7	0.000
9240	C	8	0.000
9240	C	9	1.000
9240	C	10	3.000
9240	C	11	3.000
9240	G	1	1.000
9240	G	2	1.000
9240	G	3	0.000
9240	G	4	0.000
9240	G	5	1.000
9240	G	6	0.000
9240	G	7	0.000
9240	G	8	4.000
9240	G	9	2.000
9240	G	10	2.000
9240	G	11	5.000
9240	T	1	7.000
9240	T	2	0.000
9240	T	3	2.000
9240	T	4	0.000
9240	T	5	1.000
9240	T	6	8.000
9240	T	7	2.000
9240	T	8	2.000
9240	T	9	3.000
9240	T	10	3.000
9240	T	11	2.000
9241	A	1	1.000
9241	A	2	4.000
9241	A	3	2.000
9241	A	4	1.000
9241	A	5	5.000
9241	A	6	6.000
9241	A	7	5.000
9241	A	8	1.000
9241	A	9	3.000
9241	A	10	5.000
9241	A	11	3.000
9241	C	1	1.000
9241	C	2	0.000
9241	C	3	0.000
9241	C	4	0.000
9241	C	5	0.000
9241	C	6	0.000
9241	C	7	0.000
9241	C	8	3.000
9241	C	9	0.000
9241	C	10	0.000
9241	C	11	1.000
9241	G	1	0.000
9241	G	2	0.000
9241	G	3	4.000
9241	G	4	0.000
9241	G	5	1.000
9241	G	6	0.000
9241	G	7	1.000
9241	G	8	1.000
9241	G	9	1.000
9241	G	10	0.000
9241	G	11	0.000
9241	T	1	4.000
9241	T	2	2.000
9241	T	3	0.000
9241	T	4	5.000
9241	T	5	0.000
9241	T	6	0.000
9241	T	7	0.000
9241	T	8	1.000
9241	T	9	2.000
9241	T	10	1.000
9241	T	11	2.000
9243	A	1	25.000
9243	A	2	1.000
9243	A	3	74.000
9243	A	4	0.000
9243	A	5	78.000
9243	A	6	1.000
9243	A	7	41.000
9243	A	8	2.000
9243	A	9	53.000
9243	A	10	12.000
9243	C	1	13.000
9243	C	2	2.000
9243	C	3	2.000
9243	C	4	9.000
9243	C	5	2.000
9243	C	6	4.000
9243	C	7	2.000
9243	C	8	9.000
9243	C	9	3.000
9243	C	10	29.000
9243	G	1	40.000
9243	G	2	1.000
9243	G	3	4.000
9243	G	4	4.000
9243	G	5	0.000
9243	G	6	1.000
9243	G	7	36.000
9243	G	8	1.000
9243	G	9	20.000
9243	G	10	15.000
9243	T	1	2.000
9243	T	2	76.000
9243	T	3	0.000
9243	T	4	67.000
9243	T	5	0.000
9243	T	6	74.000
9243	T	7	1.000
9243	T	8	68.000
9243	T	9	4.000
9243	T	10	24.000
9244	A	1	0.000
9244	A	2	1.000
9244	A	3	0.000
9244	A	4	0.000
9244	A	5	0.000
9244	A	6	0.000
9244	A	7	35.000
9244	A	8	5.000
9244	A	9	5.000
9244	A	10	6.000
9244	C	1	1.000
9244	C	2	0.000
9244	C	3	0.000
9244	C	4	0.000
9244	C	5	0.000
9244	C	6	36.000
9244	C	7	0.000
9244	C	8	25.000
9244	C	9	8.000
9244	C	10	10.000
9244	G	1	37.000
9244	G	2	36.000
9244	G	3	38.000
9244	G	4	38.000
9244	G	5	0.000
9244	G	6	1.000
9244	G	7	3.000
9244	G	8	3.000
9244	G	9	22.000
9244	G	10	16.000
9244	T	1	0.000
9244	T	2	1.000
9244	T	3	0.000
9244	T	4	0.000
9244	T	5	38.000
9244	T	6	1.000
9244	T	7	0.000
9244	T	8	5.000
9244	T	9	3.000
9244	T	10	6.000
9250	A	1	0.000
9250	A	2	0.000
9250	A	3	0.000
9250	A	4	0.000
9250	A	5	1.000
9250	A	6	1.000
9250	A	7	1.000
9250	A	8	0.000
9250	A	9	0.000
9250	A	10	1.000
9250	A	11	1.000
9250	A	12	3.000
9250	C	1	5.000
9250	C	2	0.000
9250	C	3	1.000
9250	C	4	0.000
9250	C	5	1.000
9250	C	6	0.000
9250	C	7	0.000
9250	C	8	0.000
9250	C	9	3.000
9250	C	10	9.000
9250	C	11	9.000
9250	C	12	5.000
9250	G	1	6.000
9250	G	2	12.000
9250	G	3	11.000
9250	G	4	10.000
9250	G	5	3.000
9250	G	6	2.000
9250	G	7	0.000
9250	G	8	0.000
9250	G	9	0.000
9250	G	10	0.000
9250	G	11	1.000
9250	G	12	5.000
9250	T	1	2.000
9250	T	2	1.000
9250	T	3	1.000
9250	T	4	3.000
9250	T	5	8.000
9250	T	6	10.000
9250	T	7	12.000
9250	T	8	13.000
9250	T	9	10.000
9250	T	10	3.000
9250	T	11	2.000
9250	T	12	0.000
9251	A	1	0.000
9251	A	2	0.000
9251	A	3	0.000
9251	A	4	0.000
9251	A	5	4.000
9251	A	6	2.000
9251	A	7	0.000
9251	A	8	0.000
9251	A	9	0.000
9251	A	10	1.000
9251	C	1	1.000
9251	C	2	0.000
9251	C	3	0.000
9251	C	4	0.000
9251	C	5	1.000
9251	C	6	1.000
9251	C	7	0.000
9251	C	8	1.000
9251	C	9	9.000
9251	C	10	8.000
9251	G	1	7.000
9251	G	2	7.000
9251	G	3	9.000
9251	G	4	8.000
9251	G	5	0.000
9251	G	6	0.000
9251	G	7	0.000
9251	G	8	0.000
9251	G	9	0.000
9251	G	10	0.000
9251	T	1	1.000
9251	T	2	2.000
9251	T	3	0.000
9251	T	4	1.000
9251	T	5	4.000
9251	T	6	6.000
9251	T	7	9.000
9251	T	8	8.000
9251	T	9	0.000
9251	T	10	0.000
9254	A	1	2.000
9254	A	2	5.000
9254	A	3	0.000
9254	A	4	0.000
9254	A	5	17.000
9254	A	6	17.000
9254	A	7	5.000
9254	C	1	12.000
9254	C	2	12.000
9254	C	3	0.000
9254	C	4	0.000
9254	C	5	0.000
9254	C	6	0.000
9254	C	7	1.000
9254	G	1	2.000
9254	G	2	0.000
9254	G	3	17.000
9254	G	4	17.000
9254	G	5	0.000
9254	G	6	0.000
9254	G	7	10.000
9254	T	1	1.000
9254	T	2	0.000
9254	T	3	0.000
9254	T	4	0.000
9254	T	5	0.000
9254	T	6	0.000
9254	T	7	1.000
9277	A	1	1.000
9277	A	2	6.000
9277	A	3	9.000
9277	A	4	4.000
9277	A	5	13.000
9277	A	6	16.000
9277	A	7	16.000
9277	A	8	14.000
9277	A	9	15.000
9277	A	10	9.000
9277	C	1	5.000
9277	C	2	8.000
9277	C	3	3.000
9277	C	4	3.000
9277	C	5	1.000
9277	C	6	0.000
9277	C	7	0.000
9277	C	8	0.000
9277	C	9	1.000
9277	C	10	2.000
9277	G	1	8.000
9277	G	2	2.000
9277	G	3	4.000
9277	G	4	1.000
9277	G	5	0.000
9277	G	6	0.000
9277	G	7	0.000
9277	G	8	2.000
9277	G	9	0.000
9277	G	10	2.000
9277	T	1	2.000
9277	T	2	0.000
9277	T	3	0.000
9277	T	4	8.000
9277	T	5	2.000
9277	T	6	0.000
9277	T	7	0.000
9277	T	8	0.000
9277	T	9	0.000
9277	T	10	3.000
9313	A	1	1.000
9313	A	2	0.000
9313	A	3	0.000
9313	A	4	0.000
9313	A	5	0.000
9313	A	6	3.000
9313	A	7	0.000
9313	A	8	10.000
9313	A	9	10.000
9313	A	10	5.000
9313	A	11	1.000
9313	A	12	1.000
9313	A	13	4.000
9313	A	14	3.000
9313	A	15	4.000
9313	A	16	2.000
9313	C	1	3.000
9313	C	2	4.000
9313	C	3	0.000
9313	C	4	0.000
9313	C	5	0.000
9313	C	6	0.000
9313	C	7	0.000
9313	C	8	0.000
9313	C	9	0.000
9313	C	10	5.000
9313	C	11	7.000
9313	C	12	2.000
9313	C	13	2.000
9313	C	14	1.000
9313	C	15	3.000
9313	C	16	1.000
9313	G	1	3.000
9313	G	2	0.000
9313	G	3	10.000
9313	G	4	0.000
9313	G	5	10.000
9313	G	6	7.000
9313	G	7	10.000
9313	G	8	0.000
9313	G	9	0.000
9313	G	10	0.000
9313	G	11	1.000
9313	G	12	4.000
9313	G	13	2.000
9313	G	14	4.000
9313	G	15	2.000
9313	G	16	2.000
9313	T	1	3.000
9313	T	2	6.000
9313	T	3	0.000
9313	T	4	10.000
9313	T	5	0.000
9313	T	6	0.000
9313	T	7	0.000
9313	T	8	0.000
9313	T	9	0.000
9313	T	10	0.000
9313	T	11	1.000
9313	T	12	3.000
9313	T	13	2.000
9313	T	14	2.000
9313	T	15	1.000
9313	T	16	5.000
9314	A	1	0.000
9314	A	2	39.000
9314	A	3	3.000
9314	A	4	2.000
9314	A	5	0.000
9314	A	6	0.000
9314	C	1	39.000
9314	C	2	0.000
9314	C	3	0.000
9314	C	4	0.000
9314	C	5	0.000
9314	C	6	0.000
9314	G	1	1.000
9314	G	2	0.000
9314	G	3	37.000
9314	G	4	38.000
9314	G	5	0.000
9314	G	6	38.000
9314	T	1	0.000
9314	T	2	1.000
9314	T	3	0.000
9314	T	4	0.000
9314	T	5	40.000
9314	T	6	2.000
9322	A	1	3.000
9322	A	2	72.000
9322	A	3	79.000
9322	A	4	1.000
9322	C	1	0.000
9322	C	2	4.000
9322	C	3	1.000
9322	C	4	5.000
9322	G	1	0.000
9322	G	2	3.000
9322	G	3	6.000
9322	G	4	4.000
9322	T	1	85.000
9322	T	2	9.000
9322	T	3	2.000
9322	T	4	78.000
9355	A	1	10.000
9355	A	2	1.000
9355	A	3	4.000
9355	A	4	20.000
9355	A	5	21.000
9355	A	6	0.000
9355	A	7	7.000
9355	A	8	0.000
9355	A	9	5.000
9355	C	1	4.000
9355	C	2	4.000
9355	C	3	2.000
9355	C	4	0.000
9355	C	5	0.000
9355	C	6	21.000
9355	C	7	5.000
9355	C	8	0.000
9355	C	9	4.000
9355	G	1	0.000
9355	G	2	14.000
9355	G	3	2.000
9355	G	4	0.000
9355	G	5	0.000
9355	G	6	0.000
9355	G	7	3.000
9355	G	8	21.000
9355	G	9	2.000
9355	T	1	7.000
9355	T	2	2.000
9355	T	3	13.000
9355	T	4	1.000
9355	T	5	0.000
9355	T	6	0.000
9355	T	7	6.000
9355	T	8	0.000
9355	T	9	10.000
9408	A	1	1.000
9408	A	2	0.000
9408	A	3	5.000
9408	A	4	21.000
9408	A	5	0.000
9408	A	6	3.000
9408	A	7	13.000
9408	C	1	0.000
9408	C	2	0.000
9408	C	3	0.000
9408	C	4	0.000
9408	C	5	3.000
9408	C	6	0.000
9408	C	7	0.000
9408	G	1	0.000
9408	G	2	0.000
9408	G	3	0.000
9408	G	4	0.000
9408	G	5	0.000
9408	G	6	11.000
9408	G	7	5.000
9408	T	1	20.000
9408	T	2	21.000
9408	T	3	16.000
9408	T	4	0.000
9408	T	5	18.000
9408	T	6	7.000
9408	T	7	3.000
9409	A	1	1.000
9409	A	2	0.000
9409	A	3	16.000
9409	A	4	16.000
9409	A	5	0.000
9409	A	6	0.000
9409	A	7	15.000
9409	C	1	1.000
9409	C	2	0.000
9409	C	3	0.000
9409	C	4	0.000
9409	C	5	0.000
9409	C	6	0.000
9409	C	7	0.000
9409	G	1	0.000
9409	G	2	0.000
9409	G	3	0.000
9409	G	4	0.000
9409	G	5	0.000
9409	G	6	9.000
9409	G	7	1.000
9409	T	1	14.000
9409	T	2	16.000
9409	T	3	0.000
9409	T	4	0.000
9409	T	5	16.000
9409	T	6	7.000
9409	T	7	0.000
9410	A	1	3.000
9410	A	2	1.000
9410	A	3	33.000
9410	A	4	40.000
9410	A	5	0.000
9410	A	6	0.000
9410	A	7	34.000
9410	C	1	16.000
9410	C	2	0.000
9410	C	3	0.000
9410	C	4	0.000
9410	C	5	0.000
9410	C	6	0.000
9410	C	7	0.000
9410	G	1	0.000
9410	G	2	0.000
9410	G	3	7.000
9410	G	4	0.000
9410	G	5	1.000
9410	G	6	8.000
9410	G	7	4.000
9410	T	1	21.000
9410	T	2	39.000
9410	T	3	0.000
9410	T	4	0.000
9410	T	5	39.000
9410	T	6	32.000
9410	T	7	2.000
9411	A	1	4.000
9411	A	2	0.000
9411	A	3	21.000
9411	A	4	21.000
9411	A	5	8.000
9411	A	6	1.000
9411	A	7	1.000
9411	C	1	4.000
9411	C	2	0.000
9411	C	3	0.000
9411	C	4	0.000
9411	C	5	0.000
9411	C	6	7.000
9411	C	7	0.000
9411	G	1	0.000
9411	G	2	0.000
9411	G	3	0.000
9411	G	4	0.000
9411	G	5	0.000
9411	G	6	0.000
9411	G	7	20.000
9411	T	1	13.000
9411	T	2	21.000
9411	T	3	0.000
9411	T	4	0.000
9411	T	5	13.000
9411	T	6	13.000
9411	T	7	0.000
9412	A	1	6.000
9412	A	2	0.000
9412	A	3	21.000
9412	A	4	21.000
9412	A	5	5.000
9412	A	6	3.000
9412	A	7	0.000
9412	C	1	2.000
9412	C	2	0.000
9412	C	3	0.000
9412	C	4	0.000
9412	C	5	0.000
9412	C	6	1.000
9412	C	7	0.000
9412	G	1	1.000
9412	G	2	0.000
9412	G	3	0.000
9412	G	4	0.000
9412	G	5	0.000
9412	G	6	2.000
9412	G	7	21.000
9412	T	1	12.000
9412	T	2	21.000
9412	T	3	0.000
9412	T	4	0.000
9412	T	5	16.000
9412	T	6	15.000
9412	T	7	0.000
9413	A	1	1.000
9413	A	2	0.000
9413	A	3	17.000
9413	A	4	19.000
9413	A	5	6.000
9413	A	6	0.000
9413	A	7	10.000
9413	C	1	1.000
9413	C	2	0.000
9413	C	3	0.000
9413	C	4	0.000
9413	C	5	2.000
9413	C	6	3.000
9413	C	7	0.000
9413	G	1	0.000
9413	G	2	0.000
9413	G	3	0.000
9413	G	4	0.000
9413	G	5	0.000
9413	G	6	6.000
9413	G	7	9.000
9413	T	1	17.000
9413	T	2	19.000
9413	T	3	2.000
9413	T	4	0.000
9413	T	5	11.000
9413	T	6	10.000
9413	T	7	0.000
9414	A	1	0.000
9414	A	2	0.000
9414	A	3	13.000
9414	A	4	13.000
9414	A	5	1.000
9414	A	6	2.000
9414	A	7	1.000
9414	C	1	3.000
9414	C	2	0.000
9414	C	3	0.000
9414	C	4	0.000
9414	C	5	0.000
9414	C	6	1.000
9414	C	7	0.000
9414	G	1	0.000
9414	G	2	0.000
9414	G	3	0.000
9414	G	4	0.000
9414	G	5	0.000
9414	G	6	2.000
9414	G	7	12.000
9414	T	1	10.000
9414	T	2	13.000
9414	T	3	0.000
9414	T	4	0.000
9414	T	5	12.000
9414	T	6	8.000
9414	T	7	0.000
9415	A	1	0.000
9415	A	2	0.000
9415	A	3	15.000
9415	A	4	15.000
9415	A	5	0.000
9415	A	6	0.000
9415	A	7	15.000
9415	C	1	3.000
9415	C	2	2.000
9415	C	3	0.000
9415	C	4	0.000
9415	C	5	0.000
9415	C	6	0.000
9415	C	7	0.000
9415	G	1	0.000
9415	G	2	0.000
9415	G	3	0.000
9415	G	4	0.000
9415	G	5	0.000
9415	G	6	0.000
9415	G	7	0.000
9415	T	1	12.000
9415	T	2	13.000
9415	T	3	0.000
9415	T	4	0.000
9415	T	5	15.000
9415	T	6	15.000
9415	T	7	0.000
9416	A	1	1.000
9416	A	2	0.000
9416	A	3	10.000
9416	A	4	17.000
9416	A	5	0.000
9416	A	6	17.000
9416	A	7	0.000
9416	C	1	0.000
9416	C	2	0.000
9416	C	3	0.000
9416	C	4	0.000
9416	C	5	17.000
9416	C	6	0.000
9416	C	7	0.000
9416	G	1	0.000
9416	G	2	0.000
9416	G	3	3.000
9416	G	4	0.000
9416	G	5	0.000
9416	G	6	0.000
9416	G	7	0.000
9416	T	1	16.000
9416	T	2	17.000
9416	T	3	4.000
9416	T	4	0.000
9416	T	5	0.000
9416	T	6	0.000
9416	T	7	1.000
9417	A	1	2.000
9417	A	2	2.000
9417	A	3	6.000
9417	A	4	16.000
9417	A	5	0.000
9417	A	6	0.000
9417	A	7	13.000
9417	C	1	0.000
9417	C	2	0.000
9417	C	3	0.000
9417	C	4	0.000
9417	C	5	0.000
9417	C	6	2.000
9417	C	7	0.000
9417	G	1	0.000
9417	G	2	0.000
9417	G	3	2.000
9417	G	4	0.000
9417	G	5	0.000
9417	G	6	6.000
9417	G	7	3.000
9417	T	1	14.000
9417	T	2	14.000
9417	T	3	8.000
9417	T	4	0.000
9417	T	5	16.000
9417	T	6	8.000
9417	T	7	0.000
9418	A	1	2.000
9418	A	2	0.000
9418	A	3	21.000
9418	A	4	21.000
9418	A	5	0.000
9418	A	6	3.000
9418	A	7	8.000
9418	C	1	7.000
9418	C	2	0.000
9418	C	3	0.000
9418	C	4	0.000
9418	C	5	0.000
9418	C	6	0.000
9418	C	7	0.000
9418	G	1	1.000
9418	G	2	0.000
9418	G	3	0.000
9418	G	4	0.000
9418	G	5	0.000
9418	G	6	4.000
9418	G	7	13.000
9418	T	1	11.000
9418	T	2	21.000
9418	T	3	0.000
9418	T	4	0.000
9418	T	5	21.000
9418	T	6	14.000
9418	T	7	0.000
9419	A	1	2.000
9419	A	2	2.000
9419	A	3	21.000
9419	A	4	32.000
9419	A	5	0.000
9419	A	6	0.000
9419	A	7	16.000
9419	C	1	3.000
9419	C	2	3.000
9419	C	3	0.000
9419	C	4	0.000
9419	C	5	0.000
9419	C	6	0.000
9419	C	7	0.000
9419	G	1	3.000
9419	G	2	0.000
9419	G	3	6.000
9419	G	4	0.000
9419	G	5	0.000
9419	G	6	2.000
9419	G	7	16.000
9419	T	1	24.000
9419	T	2	27.000
9419	T	3	5.000
9419	T	4	0.000
9419	T	5	32.000
9419	T	6	30.000
9419	T	7	0.000
9420	A	1	4.000
9420	A	2	0.000
9420	A	3	25.000
9420	A	4	25.000
9420	A	5	0.000
9420	A	6	0.000
9420	A	7	23.000
9420	C	1	10.000
9420	C	2	0.000
9420	C	3	0.000
9420	C	4	0.000
9420	C	5	0.000
9420	C	6	1.000
9420	C	7	0.000
9420	G	1	1.000
9420	G	2	0.000
9420	G	3	0.000
9420	G	4	0.000
9420	G	5	0.000
9420	G	6	8.000
9420	G	7	2.000
9420	T	1	10.000
9420	T	2	25.000
9420	T	3	0.000
9420	T	4	0.000
9420	T	5	25.000
9420	T	6	16.000
9420	T	7	0.000
9421	A	1	2.000
9421	A	2	2.000
9421	A	3	17.000
9421	A	4	19.000
9421	A	5	0.000
9421	A	6	0.000
9421	A	7	15.000
9421	C	1	4.000
9421	C	2	0.000
9421	C	3	0.000
9421	C	4	0.000
9421	C	5	0.000
9421	C	6	0.000
9421	C	7	0.000
9421	G	1	0.000
9421	G	2	0.000
9421	G	3	0.000
9421	G	4	0.000
9421	G	5	1.000
9421	G	6	1.000
9421	G	7	4.000
9421	T	1	13.000
9421	T	2	17.000
9421	T	3	2.000
9421	T	4	0.000
9421	T	5	18.000
9421	T	6	18.000
9421	T	7	0.000
9422	A	1	2.000
9422	A	2	0.000
9422	A	3	23.000
9422	A	4	23.000
9422	A	5	0.000
9422	A	6	0.000
9422	A	7	12.000
9422	C	1	6.000
9422	C	2	0.000
9422	C	3	0.000
9422	C	4	0.000
9422	C	5	0.000
9422	C	6	0.000
9422	C	7	0.000
9422	G	1	2.000
9422	G	2	0.000
9422	G	3	0.000
9422	G	4	0.000
9422	G	5	0.000
9422	G	6	2.000
9422	G	7	10.000
9422	T	1	13.000
9422	T	2	23.000
9422	T	3	0.000
9422	T	4	0.000
9422	T	5	23.000
9422	T	6	21.000
9422	T	7	1.000
9423	A	1	1.000
9423	A	2	2.000
9423	A	3	0.000
9423	A	4	13.000
9423	A	5	13.000
9423	A	6	0.000
9423	A	7	0.000
9423	A	8	10.000
9423	A	9	1.000
9423	C	1	1.000
9423	C	2	2.000
9423	C	3	0.000
9423	C	4	0.000
9423	C	5	0.000
9423	C	6	0.000
9423	C	7	0.000
9423	C	8	0.000
9423	C	9	2.000
9423	G	1	5.000
9423	G	2	0.000
9423	G	3	0.000
9423	G	4	0.000
9423	G	5	0.000
9423	G	6	0.000
9423	G	7	0.000
9423	G	8	3.000
9423	G	9	10.000
9423	T	1	6.000
9423	T	2	9.000
9423	T	3	13.000
9423	T	4	0.000
9423	T	5	0.000
9423	T	6	13.000
9423	T	7	13.000
9423	T	8	0.000
9423	T	9	0.000
9424	A	1	1.000
9424	A	2	0.000
9424	A	3	22.000
9424	A	4	22.000
9424	A	5	0.000
9424	A	6	2.000
9424	A	7	15.000
9424	C	1	8.000
9424	C	2	0.000
9424	C	3	0.000
9424	C	4	0.000
9424	C	5	0.000
9424	C	6	0.000
9424	C	7	0.000
9424	G	1	1.000
9424	G	2	0.000
9424	G	3	0.000
9424	G	4	0.000
9424	G	5	0.000
9424	G	6	3.000
9424	G	7	6.000
9424	T	1	12.000
9424	T	2	22.000
9424	T	3	0.000
9424	T	4	0.000
9424	T	5	22.000
9424	T	6	17.000
9424	T	7	1.000
9425	A	1	12.000
9425	A	2	7.000
9425	A	3	13.000
9425	A	4	30.000
9425	A	5	0.000
9425	A	6	0.000
9425	A	7	15.000
9425	C	1	2.000
9425	C	2	1.000
9425	C	3	0.000
9425	C	4	0.000
9425	C	5	0.000
9425	C	6	0.000
9425	C	7	0.000
9425	G	1	3.000
9425	G	2	0.000
9425	G	3	0.000
9425	G	4	0.000
9425	G	5	0.000
9425	G	6	6.000
9425	G	7	15.000
9425	T	1	13.000
9425	T	2	22.000
9425	T	3	17.000
9425	T	4	0.000
9425	T	5	30.000
9425	T	6	24.000
9425	T	7	0.000
9426	A	1	7.000
9426	A	2	0.000
9426	A	3	0.000
9426	A	4	21.000
9426	A	5	26.000
9426	A	6	0.000
9426	A	7	7.000
9426	A	8	22.000
9426	C	1	3.000
9426	C	2	7.000
9426	C	3	6.000
9426	C	4	0.000
9426	C	5	0.000
9426	C	6	3.000
9426	C	7	0.000
9426	C	8	0.000
9426	G	1	2.000
9426	G	2	0.000
9426	G	3	7.000
9426	G	4	2.000
9426	G	5	0.000
9426	G	6	3.000
9426	G	7	1.000
9426	G	8	4.000
9426	T	1	14.000
9426	T	2	19.000
9426	T	3	13.000
9426	T	4	3.000
9426	T	5	0.000
9426	T	6	20.000
9426	T	7	18.000
9426	T	8	0.000
9427	A	1	2.000
9427	A	2	0.000
9427	A	3	18.000
9427	A	4	20.000
9427	A	5	0.000
9427	A	6	0.000
9427	A	7	14.000
9427	C	1	9.000
9427	C	2	0.000
9427	C	3	0.000
9427	C	4	0.000
9427	C	5	0.000
9427	C	6	0.000
9427	C	7	0.000
9427	G	1	3.000
9427	G	2	0.000
9427	G	3	0.000
9427	G	4	0.000
9427	G	5	0.000
9427	G	6	1.000
9427	G	7	6.000
9427	T	1	6.000
9427	T	2	20.000
9427	T	3	2.000
9427	T	4	0.000
9427	T	5	20.000
9427	T	6	19.000
9427	T	7	0.000
9428	A	1	0.000
9428	A	2	0.000
9428	A	3	0.000
9428	A	4	0.000
9428	A	5	0.000
9428	A	6	1.000
9428	C	1	3.000
9428	C	2	0.000
9428	C	3	10.000
9428	C	4	0.000
9428	C	5	0.000
9428	C	6	3.000
9428	G	1	0.000
9428	G	2	0.000
9428	G	3	0.000
9428	G	4	10.000
9428	G	5	5.000
9428	G	6	4.000
9428	T	1	7.000
9428	T	2	10.000
9428	T	3	0.000
9428	T	4	0.000
9428	T	5	5.000
9428	T	6	2.000
9429	A	1	1.000
9429	A	2	0.000
9429	A	3	24.000
9429	A	4	24.000
9429	A	5	0.000
9429	A	6	1.000
9429	A	7	21.000
9429	C	1	4.000
9429	C	2	0.000
9429	C	3	0.000
9429	C	4	0.000
9429	C	5	0.000
9429	C	6	0.000
9429	C	7	0.000
9429	G	1	3.000
9429	G	2	0.000
9429	G	3	0.000
9429	G	4	0.000
9429	G	5	0.000
9429	G	6	19.000
9429	G	7	3.000
9429	T	1	16.000
9429	T	2	24.000
9429	T	3	0.000
9429	T	4	0.000
9429	T	5	24.000
9429	T	6	4.000
9429	T	7	0.000
9430	A	1	1.000
9430	A	2	22.000
9430	A	3	23.000
9430	A	4	0.000
9430	A	5	3.000
9430	A	6	10.000
9430	A	7	1.000
9430	C	1	0.000
9430	C	2	0.000
9430	C	3	0.000
9430	C	4	0.000
9430	C	5	0.000
9430	C	6	0.000
9430	C	7	12.000
9430	G	1	0.000
9430	G	2	1.000
9430	G	3	0.000
9430	G	4	0.000
9430	G	5	3.000
9430	G	6	9.000
9430	G	7	4.000
9430	T	1	22.000
9430	T	2	0.000
9430	T	3	0.000
9430	T	4	23.000
9430	T	5	17.000
9430	T	6	4.000
9430	T	7	6.000
9431	A	1	1.000
9431	A	2	0.000
9431	A	3	21.000
9431	A	4	21.000
9431	A	5	0.000
9431	A	6	0.000
9431	A	7	21.000
9431	C	1	13.000
9431	C	2	16.000
9431	C	3	0.000
9431	C	4	0.000
9431	C	5	0.000
9431	C	6	0.000
9431	C	7	0.000
9431	G	1	6.000
9431	G	2	0.000
9431	G	3	0.000
9431	G	4	0.000
9431	G	5	0.000
9431	G	6	0.000
9431	G	7	0.000
9431	T	1	1.000
9431	T	2	5.000
9431	T	3	0.000
9431	T	4	0.000
9431	T	5	21.000
9431	T	6	21.000
9431	T	7	0.000
9432	A	1	5.000
9432	A	2	3.000
9432	A	3	43.000
9432	A	4	42.000
9432	A	5	1.000
9432	A	6	5.000
9432	A	7	34.000
9432	C	1	15.000
9432	C	2	0.000
9432	C	3	0.000
9432	C	4	0.000
9432	C	5	0.000
9432	C	6	0.000
9432	C	7	0.000
9432	G	1	6.000
9432	G	2	0.000
9432	G	3	0.000
9432	G	4	0.000
9432	G	5	1.000
9432	G	6	16.000
9432	G	7	9.000
9432	T	1	17.000
9432	T	2	40.000
9432	T	3	0.000
9432	T	4	1.000
9432	T	5	41.000
9432	T	6	22.000
9432	T	7	0.000
9433	A	1	0.000
9433	A	2	22.000
9433	A	3	22.000
9433	A	4	0.000
9433	A	5	0.000
9433	A	6	0.000
9433	C	1	0.000
9433	C	2	0.000
9433	C	3	0.000
9433	C	4	0.000
9433	C	5	22.000
9433	C	6	14.000
9433	G	1	0.000
9433	G	2	0.000
9433	G	3	0.000
9433	G	4	0.000
9433	G	5	0.000
9433	G	6	2.000
9433	T	1	22.000
9433	T	2	0.000
9433	T	3	0.000
9433	T	4	22.000
9433	T	5	0.000
9433	T	6	6.000
9434	A	1	4.000
9434	A	2	0.000
9434	A	3	20.000
9434	A	4	20.000
9434	A	5	0.000
9434	A	6	1.000
9434	A	7	15.000
9434	C	1	2.000
9434	C	2	0.000
9434	C	3	0.000
9434	C	4	0.000
9434	C	5	0.000
9434	C	6	0.000
9434	C	7	0.000
9434	G	1	3.000
9434	G	2	0.000
9434	G	3	0.000
9434	G	4	0.000
9434	G	5	0.000
9434	G	6	6.000
9434	G	7	5.000
9434	T	1	11.000
9434	T	2	20.000
9434	T	3	0.000
9434	T	4	0.000
9434	T	5	20.000
9434	T	6	13.000
9434	T	7	0.000
9435	A	1	1.000
9435	A	2	0.000
9435	A	3	20.000
9435	A	4	20.000
9435	A	5	1.000
9435	A	6	0.000
9435	A	7	4.000
9435	C	1	3.000
9435	C	2	0.000
9435	C	3	0.000
9435	C	4	0.000
9435	C	5	0.000
9435	C	6	3.000
9435	C	7	0.000
9435	G	1	0.000
9435	G	2	0.000
9435	G	3	0.000
9435	G	4	0.000
9435	G	5	0.000
9435	G	6	0.000
9435	G	7	16.000
9435	T	1	16.000
9435	T	2	20.000
9435	T	3	0.000
9435	T	4	0.000
9435	T	5	19.000
9435	T	6	17.000
9435	T	7	0.000
9436	A	1	0.000
9436	A	2	0.000
9436	A	3	17.000
9436	A	4	1.000
9436	A	5	0.000
9436	A	6	18.000
9436	A	7	12.000
9436	C	1	19.000
9436	C	2	9.000
9436	C	3	2.000
9436	C	4	18.000
9436	C	5	12.000
9436	C	6	0.000
9436	C	7	0.000
9436	G	1	0.000
9436	G	2	0.000
9436	G	3	0.000
9436	G	4	0.000
9436	G	5	0.000
9436	G	6	1.000
9436	G	7	4.000
9436	T	1	0.000
9436	T	2	10.000
9436	T	3	0.000
9436	T	4	0.000
9436	T	5	7.000
9436	T	6	0.000
9436	T	7	3.000
9437	A	1	0.000
9437	A	2	0.000
9437	A	3	18.000
9437	A	4	18.000
9437	A	5	0.000
9437	A	6	0.000
9437	A	7	17.000
9437	C	1	2.000
9437	C	2	0.000
9437	C	3	0.000
9437	C	4	0.000
9437	C	5	0.000
9437	C	6	0.000
9437	C	7	0.000
9437	G	1	0.000
9437	G	2	0.000
9437	G	3	0.000
9437	G	4	0.000
9437	G	5	0.000
9437	G	6	0.000
9437	G	7	1.000
9437	T	1	16.000
9437	T	2	18.000
9437	T	3	0.000
9437	T	4	0.000
9437	T	5	18.000
9437	T	6	18.000
9437	T	7	0.000
9438	A	1	3.000
9438	A	2	4.000
9438	A	3	16.000
9438	A	4	20.000
9438	A	5	0.000
9438	A	6	0.000
9438	A	7	16.000
9438	C	1	7.000
9438	C	2	0.000
9438	C	3	0.000
9438	C	4	0.000
9438	C	5	0.000
9438	C	6	2.000
9438	C	7	0.000
9438	G	1	2.000
9438	G	2	0.000
9438	G	3	3.000
9438	G	4	0.000
9438	G	5	0.000
9438	G	6	4.000
9438	G	7	4.000
9438	T	1	8.000
9438	T	2	16.000
9438	T	3	1.000
9438	T	4	0.000
9438	T	5	20.000
9438	T	6	14.000
9438	T	7	0.000
9439	A	1	5.000
9439	A	2	0.000
9439	A	3	33.000
9439	A	4	35.000
9439	A	5	4.000
9439	A	6	6.000
9439	A	7	13.000
9439	C	1	5.000
9439	C	2	0.000
9439	C	3	0.000
9439	C	4	0.000
9439	C	5	0.000
9439	C	6	0.000
9439	C	7	0.000
9439	G	1	1.000
9439	G	2	0.000
9439	G	3	2.000
9439	G	4	0.000
9439	G	5	5.000
9439	G	6	7.000
9439	G	7	22.000
9439	T	1	24.000
9439	T	2	35.000
9439	T	3	0.000
9439	T	4	0.000
9439	T	5	26.000
9439	T	6	22.000
9439	T	7	0.000
9440	A	1	2.000
9440	A	2	8.000
9440	A	3	1.000
9440	A	4	22.000
9440	A	5	22.000
9440	A	6	0.000
9440	A	7	2.000
9440	A	8	15.000
9440	C	1	4.000
9440	C	2	3.000
9440	C	3	0.000
9440	C	4	0.000
9440	C	5	0.000
9440	C	6	0.000
9440	C	7	3.000
9440	C	8	1.000
9440	G	1	7.000
9440	G	2	0.000
9440	G	3	0.000
9440	G	4	0.000
9440	G	5	0.000
9440	G	6	0.000
9440	G	7	6.000
9440	G	8	1.000
9440	T	1	9.000
9440	T	2	11.000
9440	T	3	21.000
9440	T	4	0.000
9440	T	5	0.000
9440	T	6	22.000
9440	T	7	11.000
9440	T	8	5.000
9441	A	1	0.000
9441	A	2	0.000
9441	A	3	22.000
9441	A	4	22.000
9441	A	5	0.000
9441	A	6	0.000
9441	A	7	13.000
9441	C	1	11.000
9441	C	2	0.000
9441	C	3	0.000
9441	C	4	0.000
9441	C	5	0.000
9441	C	6	0.000
9441	C	7	0.000
9441	G	1	4.000
9441	G	2	0.000
9441	G	3	0.000
9441	G	4	0.000
9441	G	5	0.000
9441	G	6	0.000
9441	G	7	8.000
9441	T	1	7.000
9441	T	2	22.000
9441	T	3	0.000
9441	T	4	0.000
9441	T	5	22.000
9441	T	6	22.000
9441	T	7	1.000
9442	A	1	0.000
9442	A	2	0.000
9442	A	3	27.000
9442	A	4	0.000
9442	A	5	26.000
9442	C	1	5.000
9442	C	2	0.000
9442	C	3	0.000
9442	C	4	0.000
9442	C	5	0.000
9442	G	1	0.000
9442	G	2	27.000
9442	G	3	0.000
9442	G	4	0.000
9442	G	5	1.000
9442	T	1	22.000
9442	T	2	0.000
9442	T	3	0.000
9442	T	4	27.000
9442	T	5	0.000
9443	A	1	6.000
9443	A	2	0.000
9443	A	3	21.000
9443	A	4	21.000
9443	A	5	0.000
9443	A	6	0.000
9443	A	7	13.000
9443	C	1	8.000
9443	C	2	0.000
9443	C	3	0.000
9443	C	4	0.000
9443	C	5	0.000
9443	C	6	1.000
9443	C	7	1.000
9443	G	1	3.000
9443	G	2	0.000
9443	G	3	0.000
9443	G	4	0.000
9443	G	5	0.000
9443	G	6	0.000
9443	G	7	6.000
9443	T	1	4.000
9443	T	2	21.000
9443	T	3	0.000
9443	T	4	0.000
9443	T	5	21.000
9443	T	6	20.000
9443	T	7	1.000
9444	A	1	0.000
9444	A	2	0.000
9444	A	3	20.000
9444	A	4	20.000
9444	A	5	0.000
9444	A	6	0.000
9444	A	7	0.000
9444	C	1	5.000
9444	C	2	0.000
9444	C	3	0.000
9444	C	4	0.000
9444	C	5	0.000
9444	C	6	20.000
9444	C	7	19.000
9444	G	1	1.000
9444	G	2	0.000
9444	G	3	0.000
9444	G	4	0.000
9444	G	5	0.000
9444	G	6	0.000
9444	G	7	0.000
9444	T	1	14.000
9444	T	2	20.000
9444	T	3	0.000
9444	T	4	0.000
9444	T	5	20.000
9444	T	6	0.000
9444	T	7	1.000
9445	A	1	3.000
9445	A	2	0.000
9445	A	3	27.000
9445	A	4	27.000
9445	A	5	0.000
9445	A	6	0.000
9445	A	7	17.000
9445	C	1	13.000
9445	C	2	0.000
9445	C	3	0.000
9445	C	4	0.000
9445	C	5	0.000
9445	C	6	0.000
9445	C	7	0.000
9445	G	1	0.000
9445	G	2	0.000
9445	G	3	0.000
9445	G	4	0.000
9445	G	5	0.000
9445	G	6	0.000
9445	G	7	10.000
9445	T	1	11.000
9445	T	2	27.000
9445	T	3	0.000
9445	T	4	0.000
9445	T	5	27.000
9445	T	6	27.000
9445	T	7	0.000
9446	A	1	3.000
9446	A	2	0.000
9446	A	3	25.000
9446	A	4	25.000
9446	A	5	0.000
9446	A	6	0.000
9446	A	7	23.000
9446	C	1	7.000
9446	C	2	0.000
9446	C	3	0.000
9446	C	4	0.000
9446	C	5	0.000
9446	C	6	0.000
9446	C	7	0.000
9446	G	1	0.000
9446	G	2	0.000
9446	G	3	0.000
9446	G	4	0.000
9446	G	5	0.000
9446	G	6	18.000
9446	G	7	2.000
9446	T	1	15.000
9446	T	2	25.000
9446	T	3	0.000
9446	T	4	0.000
9446	T	5	25.000
9446	T	6	7.000
9446	T	7	0.000
9447	A	1	0.000
9447	A	2	0.000
9447	A	3	20.000
9447	A	4	0.000
9447	A	5	20.000
9447	A	6	1.000
9447	C	1	0.000
9447	C	2	0.000
9447	C	3	0.000
9447	C	4	7.000
9447	C	5	0.000
9447	C	6	19.000
9447	G	1	0.000
9447	G	2	20.000
9447	G	3	0.000
9447	G	4	4.000
9447	G	5	0.000
9447	G	6	0.000
9447	T	1	20.000
9447	T	2	0.000
9447	T	3	0.000
9447	T	4	9.000
9447	T	5	0.000
9447	T	6	0.000
9448	A	1	4.000
9448	A	2	6.000
9448	A	3	12.000
9448	A	4	0.000
9448	A	5	3.000
9448	A	6	1.000
9448	A	7	13.000
9448	A	8	5.000
9448	A	9	7.000
9448	A	10	9.000
9448	C	1	22.000
9448	C	2	23.000
9448	C	3	6.000
9448	C	4	64.000
9448	C	5	0.000
9448	C	6	70.000
9448	C	7	0.000
9448	C	8	54.000
9448	C	9	13.000
9448	C	10	33.000
9448	G	1	9.000
9448	G	2	11.000
9448	G	3	30.000
9448	G	4	3.000
9448	G	5	14.000
9448	G	6	0.000
9448	G	7	2.000
9448	G	8	7.000
9448	G	9	11.000
9448	G	10	10.000
9448	T	1	36.000
9448	T	2	31.000
9448	T	3	23.000
9448	T	4	4.000
9448	T	5	54.000
9448	T	6	0.000
9448	T	7	56.000
9448	T	8	5.000
9448	T	9	40.000
9448	T	10	19.000
9449	A	1	1.000
9449	A	2	0.000
9449	A	3	16.000
9449	A	4	18.000
9449	A	5	1.000
9449	A	6	0.000
9449	A	7	15.000
9449	C	1	3.000
9449	C	2	0.000
9449	C	3	0.000
9449	C	4	0.000
9449	C	5	0.000
9449	C	6	0.000
9449	C	7	1.000
9449	G	1	0.000
9449	G	2	0.000
9449	G	3	0.000
9449	G	4	0.000
9449	G	5	0.000
9449	G	6	6.000
9449	G	7	2.000
9449	T	1	14.000
9449	T	2	18.000
9449	T	3	2.000
9449	T	4	0.000
9449	T	5	17.000
9449	T	6	12.000
9449	T	7	0.000
9450	A	1	0.000
9450	A	2	0.000
9450	A	3	23.000
9450	A	4	0.000
9450	A	5	23.000
9450	A	6	3.000
9450	C	1	0.000
9450	C	2	0.000
9450	C	3	0.000
9450	C	4	22.000
9450	C	5	0.000
9450	C	6	0.000
9450	G	1	0.000
9450	G	2	23.000
9450	G	3	0.000
9450	G	4	0.000
9450	G	5	0.000
9450	G	6	12.000
9450	T	1	23.000
9450	T	2	0.000
9450	T	3	0.000
9450	T	4	1.000
9450	T	5	0.000
9450	T	6	2.000
9451	A	1	0.000
9451	A	2	20.000
9451	A	3	20.000
9451	A	4	0.000
9451	A	5	0.000
9451	A	6	17.000
9451	A	7	18.000
9451	C	1	0.000
9451	C	2	0.000
9451	C	3	0.000
9451	C	4	0.000
9451	C	5	0.000
9451	C	6	0.000
9451	C	7	0.000
9451	G	1	0.000
9451	G	2	0.000
9451	G	3	0.000
9451	G	4	0.000
9451	G	5	0.000
9451	G	6	3.000
9451	G	7	2.000
9451	T	1	20.000
9451	T	2	0.000
9451	T	3	0.000
9451	T	4	20.000
9451	T	5	20.000
9451	T	6	0.000
9451	T	7	0.000
9452	A	1	2.000
9452	A	2	1.000
9452	A	3	19.000
9452	A	4	19.000
9452	A	5	0.000
9452	A	6	0.000
9452	A	7	16.000
9452	C	1	10.000
9452	C	2	0.000
9452	C	3	0.000
9452	C	4	0.000
9452	C	5	0.000
9452	C	6	0.000
9452	C	7	0.000
9452	G	1	0.000
9452	G	2	0.000
9452	G	3	0.000
9452	G	4	0.000
9452	G	5	0.000
9452	G	6	6.000
9452	G	7	3.000
9452	T	1	7.000
9452	T	2	18.000
9452	T	3	0.000
9452	T	4	0.000
9452	T	5	19.000
9452	T	6	13.000
9452	T	7	0.000
9453	A	1	14.000
9453	A	2	23.000
9453	A	3	34.000
9453	A	4	0.000
9453	A	5	34.000
9453	C	1	0.000
9453	C	2	0.000
9453	C	3	0.000
9453	C	4	34.000
9453	C	5	0.000
9453	G	1	5.000
9453	G	2	0.000
9453	G	3	0.000
9453	G	4	0.000
9453	G	5	0.000
9453	T	1	15.000
9453	T	2	11.000
9453	T	3	0.000
9453	T	4	0.000
9453	T	5	0.000
9454	A	1	0.000
9454	A	2	0.000
9454	A	3	23.000
9454	A	4	23.000
9454	A	5	0.000
9454	A	6	1.000
9454	A	7	7.000
9454	C	1	0.000
9454	C	2	0.000
9454	C	3	0.000
9454	C	4	0.000
9454	C	5	0.000
9454	C	6	0.000
9454	C	7	0.000
9454	G	1	1.000
9454	G	2	0.000
9454	G	3	0.000
9454	G	4	0.000
9454	G	5	23.000
9454	G	6	0.000
9454	G	7	16.000
9454	T	1	22.000
9454	T	2	23.000
9454	T	3	0.000
9454	T	4	0.000
9454	T	5	0.000
9454	T	6	22.000
9454	T	7	0.000
9455	A	1	0.000
9455	A	2	20.000
9455	A	3	22.000
9455	A	4	0.000
9455	A	5	0.000
9455	A	6	0.000
9455	C	1	0.000
9455	C	2	0.000
9455	C	3	0.000
9455	C	4	0.000
9455	C	5	22.000
9455	C	6	21.000
9455	G	1	0.000
9455	G	2	0.000
9455	G	3	0.000
9455	G	4	1.000
9455	G	5	0.000
9455	G	6	0.000
9455	T	1	22.000
9455	T	2	2.000
9455	T	3	0.000
9455	T	4	21.000
9455	T	5	0.000
9455	T	6	1.000
9456	A	1	1.000
9456	A	2	0.000
9456	A	3	0.000
9456	A	4	0.000
9456	A	5	0.000
9456	A	6	1.000
9456	A	7	1.000
9456	A	8	0.000
9456	C	1	5.000
9456	C	2	4.000
9456	C	3	0.000
9456	C	4	0.000
9456	C	5	10.000
9456	C	6	0.000
9456	C	7	8.000
9456	C	8	5.000
9456	G	1	4.000
9456	G	2	0.000
9456	G	3	10.000
9456	G	4	10.000
9456	G	5	0.000
9456	G	6	9.000
9456	G	7	0.000
9456	G	8	1.000
9456	T	1	0.000
9456	T	2	6.000
9456	T	3	0.000
9456	T	4	0.000
9456	T	5	0.000
9456	T	6	0.000
9456	T	7	1.000
9456	T	8	4.000
9457	A	1	1.000
9457	A	2	0.000
9457	A	3	16.000
9457	A	4	16.000
9457	A	5	0.000
9457	A	6	0.000
9457	A	7	7.000
9457	C	1	3.000
9457	C	2	0.000
9457	C	3	0.000
9457	C	4	0.000
9457	C	5	1.000
9457	C	6	3.000
9457	C	7	0.000
9457	G	1	2.000
9457	G	2	0.000
9457	G	3	0.000
9457	G	4	0.000
9457	G	5	0.000
9457	G	6	6.000
9457	G	7	9.000
9457	T	1	10.000
9457	T	2	16.000
9457	T	3	0.000
9457	T	4	0.000
9457	T	5	15.000
9457	T	6	7.000
9457	T	7	0.000
9458	A	1	5.000
9458	A	2	0.000
9458	A	3	22.000
9458	A	4	23.000
9458	A	5	0.000
9458	A	6	0.000
9458	A	7	19.000
9458	C	1	1.000
9458	C	2	0.000
9458	C	3	0.000
9458	C	4	0.000
9458	C	5	1.000
9458	C	6	0.000
9458	C	7	0.000
9458	G	1	4.000
9458	G	2	0.000
9458	G	3	1.000
9458	G	4	0.000
9458	G	5	0.000
9458	G	6	15.000
9458	G	7	3.000
9458	T	1	13.000
9458	T	2	23.000
9458	T	3	0.000
9458	T	4	0.000
9458	T	5	22.000
9458	T	6	8.000
9458	T	7	1.000
9459	A	1	3.000
9459	A	2	1.000
9459	A	3	8.000
9459	A	4	37.000
9459	A	5	3.000
9459	A	6	3.000
9459	A	7	18.000
9459	C	1	2.000
9459	C	2	0.000
9459	C	3	0.000
9459	C	4	0.000
9459	C	5	0.000
9459	C	6	0.000
9459	C	7	0.000
9459	G	1	3.000
9459	G	2	0.000
9459	G	3	2.000
9459	G	4	1.000
9459	G	5	0.000
9459	G	6	9.000
9459	G	7	19.000
9459	T	1	30.000
9459	T	2	37.000
9459	T	3	28.000
9459	T	4	0.000
9459	T	5	35.000
9459	T	6	26.000
9459	T	7	1.000
9460	A	1	4.000
9460	A	2	14.000
9460	A	3	19.000
9460	A	4	0.000
9460	A	5	19.000
9460	C	1	1.000
9460	C	2	0.000
9460	C	3	0.000
9460	C	4	19.000
9460	C	5	0.000
9460	G	1	2.000
9460	G	2	2.000
9460	G	3	0.000
9460	G	4	0.000
9460	G	5	0.000
9460	T	1	12.000
9460	T	2	3.000
9460	T	3	0.000
9460	T	4	0.000
9460	T	5	0.000
9461	A	1	0.000
9461	A	2	1.000
9461	A	3	9.000
9461	A	4	20.000
9461	A	5	17.000
9461	A	6	0.000
9461	C	1	6.000
9461	C	2	2.000
9461	C	3	0.000
9461	C	4	0.000
9461	C	5	0.000
9461	C	6	19.000
9461	G	1	0.000
9461	G	2	0.000
9461	G	3	11.000
9461	G	4	0.000
9461	G	5	1.000
9461	G	6	1.000
9461	T	1	14.000
9461	T	2	17.000
9461	T	3	0.000
9461	T	4	0.000
9461	T	5	2.000
9461	T	6	0.000
9462	A	1	3.000
9462	A	2	3.000
9462	A	3	19.000
9462	A	4	19.000
9462	A	5	0.000
9462	A	6	0.000
9462	A	7	14.000
9462	C	1	7.000
9462	C	2	0.000
9462	C	3	0.000
9462	C	4	0.000
9462	C	5	0.000
9462	C	6	1.000
9462	C	7	0.000
9462	G	1	1.000
9462	G	2	0.000
9462	G	3	0.000
9462	G	4	1.000
9462	G	5	0.000
9462	G	6	10.000
9462	G	7	6.000
9462	T	1	9.000
9462	T	2	17.000
9462	T	3	1.000
9462	T	4	0.000
9462	T	5	20.000
9462	T	6	9.000
9462	T	7	0.000
9463	A	1	2.000
9463	A	2	0.000
9463	A	3	23.000
9463	A	4	23.000
9463	A	5	0.000
9463	A	6	0.000
9463	A	7	13.000
9463	C	1	8.000
9463	C	2	0.000
9463	C	3	0.000
9463	C	4	0.000
9463	C	5	0.000
9463	C	6	0.000
9463	C	7	0.000
9463	G	1	2.000
9463	G	2	0.000
9463	G	3	0.000
9463	G	4	0.000
9463	G	5	0.000
9463	G	6	2.000
9463	G	7	10.000
9463	T	1	11.000
9463	T	2	23.000
9463	T	3	0.000
9463	T	4	0.000
9463	T	5	23.000
9463	T	6	21.000
9463	T	7	0.000
9464	A	1	3.000
9464	A	2	1.000
9464	A	3	22.000
9464	A	4	22.000
9464	A	5	0.000
9464	A	6	0.000
9464	A	7	17.000
9464	C	1	10.000
9464	C	2	0.000
9464	C	3	0.000
9464	C	4	0.000
9464	C	5	2.000
9464	C	6	2.000
9464	C	7	0.000
9464	G	1	0.000
9464	G	2	0.000
9464	G	3	0.000
9464	G	4	0.000
9464	G	5	1.000
9464	G	6	11.000
9464	G	7	4.000
9464	T	1	9.000
9464	T	2	21.000
9464	T	3	0.000
9464	T	4	0.000
9464	T	5	19.000
9464	T	6	9.000
9464	T	7	1.000
9465	A	1	4.000
9465	A	2	1.000
9465	A	3	0.000
9465	A	4	0.000
9465	A	5	0.000
9465	A	6	17.000
9465	A	7	0.000
9465	A	8	11.000
9465	C	1	4.000
9465	C	2	0.000
9465	C	3	0.000
9465	C	4	0.000
9465	C	5	0.000
9465	C	6	0.000
9465	C	7	12.000
9465	C	8	0.000
9465	G	1	4.000
9465	G	2	2.000
9465	G	3	0.000
9465	G	4	0.000
9465	G	5	17.000
9465	G	6	0.000
9465	G	7	0.000
9465	G	8	6.000
9465	T	1	5.000
9465	T	2	14.000
9465	T	3	17.000
9465	T	4	17.000
9465	T	5	0.000
9465	T	6	0.000
9465	T	7	5.000
9465	T	8	0.000
9466	A	1	0.000
9466	A	2	0.000
9466	A	3	23.000
9466	A	4	23.000
9466	A	5	0.000
9466	A	6	1.000
9466	A	7	20.000
9466	C	1	7.000
9466	C	2	0.000
9466	C	3	0.000
9466	C	4	0.000
9466	C	5	0.000
9466	C	6	1.000
9466	C	7	0.000
9466	G	1	10.000
9466	G	2	0.000
9466	G	3	0.000
9466	G	4	0.000
9466	G	5	0.000
9466	G	6	0.000
9466	G	7	3.000
9466	T	1	6.000
9466	T	2	23.000
9466	T	3	0.000
9466	T	4	0.000
9466	T	5	23.000
9466	T	6	21.000
9466	T	7	0.000
9467	A	1	0.000
9467	A	2	0.000
9467	A	3	23.000
9467	A	4	23.000
9467	A	5	0.000
9467	A	6	1.000
9467	A	7	20.000
9467	C	1	7.000
9467	C	2	0.000
9467	C	3	0.000
9467	C	4	0.000
9467	C	5	0.000
9467	C	6	1.000
9467	C	7	0.000
9467	G	1	10.000
9467	G	2	0.000
9467	G	3	0.000
9467	G	4	0.000
9467	G	5	0.000
9467	G	6	0.000
9467	G	7	3.000
9467	T	1	6.000
9467	T	2	23.000
9467	T	3	0.000
9467	T	4	0.000
9467	T	5	23.000
9467	T	6	21.000
9467	T	7	0.000
9468	A	1	1.000
9468	A	2	1.000
9468	A	3	18.000
9468	A	4	18.000
9468	A	5	0.000
9468	A	6	0.000
9468	A	7	14.000
9468	C	1	2.000
9468	C	2	0.000
9468	C	3	0.000
9468	C	4	0.000
9468	C	5	0.000
9468	C	6	0.000
9468	C	7	0.000
9468	G	1	0.000
9468	G	2	0.000
9468	G	3	0.000
9468	G	4	0.000
9468	G	5	0.000
9468	G	6	9.000
9468	G	7	4.000
9468	T	1	15.000
9468	T	2	17.000
9468	T	3	0.000
9468	T	4	0.000
9468	T	5	18.000
9468	T	6	9.000
9468	T	7	0.000
9469	A	1	2.000
9469	A	2	0.000
9469	A	3	17.000
9469	A	4	17.000
9469	A	5	0.000
9469	A	6	0.000
9469	A	7	9.000
9469	C	1	2.000
9469	C	2	0.000
9469	C	3	0.000
9469	C	4	0.000
9469	C	5	0.000
9469	C	6	0.000
9469	C	7	0.000
9469	G	1	2.000
9469	G	2	0.000
9469	G	3	0.000
9469	G	4	0.000
9469	G	5	0.000
9469	G	6	0.000
9469	G	7	7.000
9469	T	1	11.000
9469	T	2	17.000
9469	T	3	0.000
9469	T	4	0.000
9469	T	5	17.000
9469	T	6	17.000
9469	T	7	1.000
9470	A	1	0.000
9470	A	2	0.000
9470	A	3	17.000
9470	A	4	0.000
9470	A	5	14.000
9470	A	6	0.000
9470	C	1	0.000
9470	C	2	0.000
9470	C	3	0.000
9470	C	4	17.000
9470	C	5	0.000
9470	C	6	0.000
9470	G	1	0.000
9470	G	2	17.000
9470	G	3	0.000
9470	G	4	0.000
9470	G	5	3.000
9470	G	6	8.000
9470	T	1	17.000
9470	T	2	0.000
9470	T	3	0.000
9470	T	4	0.000
9470	T	5	0.000
9470	T	6	4.000
9471	A	1	0.000
9471	A	2	0.000
9471	A	3	21.000
9471	A	4	21.000
9471	A	5	0.000
9471	A	6	0.000
9471	A	7	19.000
9471	C	1	12.000
9471	C	2	0.000
9471	C	3	0.000
9471	C	4	0.000
9471	C	5	0.000
9471	C	6	0.000
9471	C	7	0.000
9471	G	1	0.000
9471	G	2	0.000
9471	G	3	0.000
9471	G	4	0.000
9471	G	5	1.000
9471	G	6	8.000
9471	G	7	2.000
9471	T	1	9.000
9471	T	2	21.000
9471	T	3	0.000
9471	T	4	0.000
9471	T	5	20.000
9471	T	6	13.000
9471	T	7	0.000
9472	A	1	4.000
9472	A	2	1.000
9472	A	3	0.000
9472	A	4	16.000
9472	A	5	16.000
9472	A	6	0.000
9472	A	7	0.000
9472	A	8	11.000
9472	C	1	0.000
9472	C	2	9.000
9472	C	3	0.000
9472	C	4	0.000
9472	C	5	0.000
9472	C	6	0.000
9472	C	7	0.000
9472	C	8	0.000
9472	G	1	3.000
9472	G	2	0.000
9472	G	3	0.000
9472	G	4	0.000
9472	G	5	0.000
9472	G	6	0.000
9472	G	7	0.000
9472	G	8	5.000
9472	T	1	9.000
9472	T	2	6.000
9472	T	3	16.000
9472	T	4	0.000
9472	T	5	0.000
9472	T	6	16.000
9472	T	7	16.000
9472	T	8	0.000
9473	A	1	1.000
9473	A	2	0.000
9473	A	3	16.000
9473	A	4	16.000
9473	A	5	1.000
9473	A	6	0.000
9473	A	7	16.000
9473	C	1	3.000
9473	C	2	0.000
9473	C	3	0.000
9473	C	4	0.000
9473	C	5	0.000
9473	C	6	0.000
9473	C	7	0.000
9473	G	1	0.000
9473	G	2	0.000
9473	G	3	0.000
9473	G	4	0.000
9473	G	5	0.000
9473	G	6	6.000
9473	G	7	0.000
9473	T	1	12.000
9473	T	2	16.000
9473	T	3	0.000
9473	T	4	0.000
9473	T	5	15.000
9473	T	6	10.000
9473	T	7	0.000
9474	A	1	0.000
9474	A	2	22.000
9474	A	3	22.000
9474	A	4	1.000
9474	A	5	4.000
9474	A	6	19.000
9474	C	1	0.000
9474	C	2	0.000
9474	C	3	0.000
9474	C	4	10.000
9474	C	5	5.000
9474	C	6	0.000
9474	G	1	0.000
9474	G	2	0.000
9474	G	3	0.000
9474	G	4	2.000
9474	G	5	3.000
9474	G	6	3.000
9474	T	1	22.000
9474	T	2	0.000
9474	T	3	0.000
9474	T	4	9.000
9474	T	5	10.000
9474	T	6	0.000
9475	A	1	0.000
9475	A	2	23.000
9475	A	3	23.000
9475	A	4	0.000
9475	A	5	1.000
9475	A	6	17.000
9475	C	1	0.000
9475	C	2	0.000
9475	C	3	0.000
9475	C	4	5.000
9475	C	5	3.000
9475	C	6	0.000
9475	G	1	0.000
9475	G	2	0.000
9475	G	3	0.000
9475	G	4	0.000
9475	G	5	7.000
9475	G	6	6.000
9475	T	1	23.000
9475	T	2	0.000
9475	T	3	0.000
9475	T	4	18.000
9475	T	5	12.000
9475	T	6	0.000
9476	A	1	20.000
9476	A	2	29.000
9476	A	3	41.000
9476	A	4	0.000
9476	A	5	41.000
9476	C	1	1.000
9476	C	2	0.000
9476	C	3	0.000
9476	C	4	41.000
9476	C	5	0.000
9476	G	1	1.000
9476	G	2	2.000
9476	G	3	0.000
9476	G	4	0.000
9476	G	5	0.000
9476	T	1	19.000
9476	T	2	10.000
9476	T	3	0.000
9476	T	4	0.000
9476	T	5	0.000
9477	A	1	0.000
9477	A	2	19.000
9477	A	3	19.000
9477	A	4	0.000
9477	A	5	0.000
9477	A	6	0.000
9477	C	1	0.000
9477	C	2	0.000
9477	C	3	0.000
9477	C	4	0.000
9477	C	5	19.000
9477	C	6	17.000
9477	G	1	0.000
9477	G	2	0.000
9477	G	3	0.000
9477	G	4	2.000
9477	G	5	0.000
9477	G	6	1.000
9477	T	1	19.000
9477	T	2	0.000
9477	T	3	0.000
9477	T	4	17.000
9477	T	5	0.000
9477	T	6	1.000
9478	A	1	1.000
9478	A	2	0.000
9478	A	3	0.000
9478	A	4	15.000
9478	A	5	0.000
9478	A	6	0.000
9478	A	7	5.000
9478	C	1	2.000
9478	C	2	0.000
9478	C	3	0.000
9478	C	4	0.000
9478	C	5	0.000
9478	C	6	0.000
9478	C	7	0.000
9478	G	1	0.000
9478	G	2	0.000
9478	G	3	15.000
9478	G	4	0.000
9478	G	5	0.000
9478	G	6	0.000
9478	G	7	4.000
9478	T	1	12.000
9478	T	2	15.000
9478	T	3	0.000
9478	T	4	0.000
9478	T	5	15.000
9478	T	6	15.000
9478	T	7	6.000
9479	A	1	1.000
9479	A	2	0.000
9479	A	3	20.000
9479	A	4	20.000
9479	A	5	0.000
9479	A	6	0.000
9479	A	7	15.000
9479	C	1	6.000
9479	C	2	1.000
9479	C	3	0.000
9479	C	4	0.000
9479	C	5	0.000
9479	C	6	1.000
9479	C	7	0.000
9479	G	1	2.000
9479	G	2	0.000
9479	G	3	0.000
9479	G	4	0.000
9479	G	5	0.000
9479	G	6	4.000
9479	G	7	3.000
9479	T	1	11.000
9479	T	2	19.000
9479	T	3	0.000
9479	T	4	0.000
9479	T	5	20.000
9479	T	6	15.000
9479	T	7	2.000
9480	A	1	4.000
9480	A	2	2.000
9480	A	3	2.000
9480	A	4	2.000
9480	A	5	0.000
9480	A	6	17.000
9480	A	7	8.000
9480	A	8	7.000
9480	C	1	10.000
9480	C	2	3.000
9480	C	3	0.000
9480	C	4	0.000
9480	C	5	2.000
9480	C	6	0.000
9480	C	7	0.000
9480	C	8	11.000
9480	G	1	3.000
9480	G	2	0.000
9480	G	3	1.000
9480	G	4	0.000
9480	G	5	20.000
9480	G	6	5.000
9480	G	7	0.000
9480	G	8	3.000
9480	T	1	8.000
9480	T	2	20.000
9480	T	3	22.000
9480	T	4	23.000
9480	T	5	3.000
9480	T	6	3.000
9480	T	7	17.000
9480	T	8	4.000
9481	A	1	4.000
9481	A	2	0.000
9481	A	3	24.000
9481	A	4	24.000
9481	A	5	0.000
9481	A	6	0.000
9481	A	7	24.000
9481	C	1	9.000
9481	C	2	0.000
9481	C	3	0.000
9481	C	4	0.000
9481	C	5	0.000
9481	C	6	0.000
9481	C	7	0.000
9481	G	1	0.000
9481	G	2	0.000
9481	G	3	0.000
9481	G	4	0.000
9481	G	5	0.000
9481	G	6	11.000
9481	G	7	0.000
9481	T	1	11.000
9481	T	2	24.000
9481	T	3	0.000
9481	T	4	0.000
9481	T	5	24.000
9481	T	6	13.000
9481	T	7	0.000
9482	A	1	10.000
9482	A	2	1.000
9482	A	3	4.000
9482	A	4	20.000
9482	A	5	21.000
9482	A	6	0.000
9482	A	7	7.000
9482	A	8	0.000
9482	A	9	5.000
9482	C	1	4.000
9482	C	2	4.000
9482	C	3	2.000
9482	C	4	0.000
9482	C	5	0.000
9482	C	6	21.000
9482	C	7	5.000
9482	C	8	0.000
9482	C	9	4.000
9482	G	1	0.000
9482	G	2	14.000
9482	G	3	2.000
9482	G	4	0.000
9482	G	5	0.000
9482	G	6	0.000
9482	G	7	3.000
9482	G	8	21.000
9482	G	9	2.000
9482	T	1	7.000
9482	T	2	2.000
9482	T	3	13.000
9482	T	4	1.000
9482	T	5	0.000
9482	T	6	0.000
9482	T	7	6.000
9482	T	8	0.000
9482	T	9	10.000
9483	A	1	1.000
9483	A	2	1.000
9483	A	3	27.000
9483	A	4	28.000
9483	A	5	0.000
9483	A	6	0.000
9483	A	7	21.000
9483	C	1	4.000
9483	C	2	0.000
9483	C	3	0.000
9483	C	4	0.000
9483	C	5	0.000
9483	C	6	0.000
9483	C	7	0.000
9483	G	1	4.000
9483	G	2	0.000
9483	G	3	0.000
9483	G	4	0.000
9483	G	5	0.000
9483	G	6	0.000
9483	G	7	7.000
9483	T	1	19.000
9483	T	2	27.000
9483	T	3	1.000
9483	T	4	0.000
9483	T	5	28.000
9483	T	6	28.000
9483	T	7	0.000
9484	A	1	1.000
9484	A	2	0.000
9484	A	3	23.000
9484	A	4	23.000
9484	A	5	0.000
9484	A	6	0.000
9484	A	7	19.000
9484	C	1	12.000
9484	C	2	0.000
9484	C	3	0.000
9484	C	4	0.000
9484	C	5	0.000
9484	C	6	0.000
9484	C	7	0.000
9484	G	1	3.000
9484	G	2	0.000
9484	G	3	0.000
9484	G	4	0.000
9484	G	5	0.000
9484	G	6	3.000
9484	G	7	4.000
9484	T	1	7.000
9484	T	2	23.000
9484	T	3	0.000
9484	T	4	0.000
9484	T	5	23.000
9484	T	6	20.000
9484	T	7	0.000
9485	A	1	12.000
9485	A	2	27.000
9485	A	3	28.000
9485	A	4	0.000
9485	A	5	0.000
9485	A	6	5.000
9485	A	7	0.000
9485	A	8	28.000
9485	A	9	20.000
9485	C	1	2.000
9485	C	2	0.000
9485	C	3	0.000
9485	C	4	29.000
9485	C	5	28.000
9485	C	6	1.000
9485	C	7	29.000
9485	C	8	0.000
9485	C	9	0.000
9485	G	1	0.000
9485	G	2	1.000
9485	G	3	1.000
9485	G	4	0.000
9485	G	5	1.000
9485	G	6	23.000
9485	G	7	0.000
9485	G	8	0.000
9485	G	9	9.000
9485	T	1	15.000
9485	T	2	1.000
9485	T	3	0.000
9485	T	4	0.000
9485	T	5	0.000
9485	T	6	0.000
9485	T	7	0.000
9485	T	8	1.000
9485	T	9	0.000
9486	A	1	3.000
9486	A	2	8.000
9486	A	3	4.000
9486	A	4	14.000
9486	A	5	1.000
9486	A	6	3.000
9486	A	7	0.000
9486	A	8	3.000
9486	A	9	4.000
9486	A	10	5.000
9486	A	11	5.000
9486	A	12	4.000
9486	C	1	0.000
9486	C	2	1.000
9486	C	3	8.000
9486	C	4	0.000
9486	C	5	1.000
9486	C	6	0.000
9486	C	7	8.000
9486	C	8	5.000
9486	C	9	1.000
9486	C	10	6.000
9486	C	11	1.000
9486	C	12	3.000
9486	G	1	8.000
9486	G	2	1.000
9486	G	3	1.000
9486	G	4	0.000
9486	G	5	0.000
9486	G	6	1.000
9486	G	7	0.000
9486	G	8	3.000
9486	G	9	2.000
9486	G	10	3.000
9486	G	11	7.000
9486	G	12	4.000
9486	T	1	3.000
9486	T	2	4.000
9486	T	3	1.000
9486	T	4	0.000
9486	T	5	12.000
9486	T	6	10.000
9486	T	7	6.000
9486	T	8	3.000
9486	T	9	7.000
9486	T	10	0.000
9486	T	11	1.000
9486	T	12	3.000
9487	A	1	9.000
9487	A	2	0.000
9487	A	3	0.000
9487	A	4	3.000
9487	A	5	2.000
9487	A	6	7.000
9487	A	7	6.000
9487	A	8	11.000
9487	C	1	1.000
9487	C	2	1.000
9487	C	3	0.000
9487	C	4	2.000
9487	C	5	10.000
9487	C	6	2.000
9487	C	7	5.000
9487	C	8	1.000
9487	G	1	1.000
9487	G	2	0.000
9487	G	3	3.000
9487	G	4	7.000
9487	G	5	0.000
9487	G	6	2.000
9487	G	7	1.000
9487	G	8	0.000
9487	T	1	1.000
9487	T	2	11.000
9487	T	3	9.000
9487	T	4	0.000
9487	T	5	0.000
9487	T	6	1.000
9487	T	7	0.000
9487	T	8	0.000
9488	A	1	3.000
9488	A	2	0.000
9488	A	3	22.000
9488	A	4	21.000
9488	A	5	0.000
9488	A	6	2.000
9488	A	7	11.000
9488	C	1	5.000
9488	C	2	1.000
9488	C	3	0.000
9488	C	4	0.000
9488	C	5	0.000
9488	C	6	1.000
9488	C	7	0.000
9488	G	1	1.000
9488	G	2	0.000
9488	G	3	0.000
9488	G	4	1.000
9488	G	5	0.000
9488	G	6	5.000
9488	G	7	11.000
9488	T	1	13.000
9488	T	2	21.000
9488	T	3	0.000
9488	T	4	0.000
9488	T	5	22.000
9488	T	6	14.000
9488	T	7	0.000
9489	A	1	0.000
9489	A	2	0.000
9489	A	3	27.000
9489	A	4	0.000
9489	A	5	27.000
9489	A	6	0.000
9489	C	1	0.000
9489	C	2	0.000
9489	C	3	0.000
9489	C	4	0.000
9489	C	5	0.000
9489	C	6	10.000
9489	G	1	1.000
9489	G	2	27.000
9489	G	3	0.000
9489	G	4	1.000
9489	G	5	0.000
9489	G	6	0.000
9489	T	1	26.000
9489	T	2	0.000
9489	T	3	0.000
9489	T	4	26.000
9489	T	5	0.000
9489	T	6	3.000
9490	A	1	0.000
9490	A	2	1.000
9490	A	3	0.000
9490	A	4	16.000
9490	A	5	16.000
9490	A	6	0.000
9490	A	7	0.000
9490	A	8	3.000
9490	C	1	9.000
9490	C	2	0.000
9490	C	3	11.000
9490	C	4	0.000
9490	C	5	0.000
9490	C	6	0.000
9490	C	7	0.000
9490	C	8	0.000
9490	G	1	3.000
9490	G	2	0.000
9490	G	3	1.000
9490	G	4	0.000
9490	G	5	0.000
9490	G	6	16.000
9490	G	7	0.000
9490	G	8	13.000
9490	T	1	4.000
9490	T	2	15.000
9490	T	3	4.000
9490	T	4	0.000
9490	T	5	0.000
9490	T	6	0.000
9490	T	7	16.000
9490	T	8	0.000
9491	A	1	4.000
9491	A	2	1.000
9491	A	3	16.000
9491	A	4	16.000
9491	A	5	0.000
9491	A	6	1.000
9491	A	7	2.000
9491	C	1	2.000
9491	C	2	0.000
9491	C	3	0.000
9491	C	4	0.000
9491	C	5	0.000
9491	C	6	0.000
9491	C	7	0.000
9491	G	1	1.000
9491	G	2	0.000
9491	G	3	0.000
9491	G	4	0.000
9491	G	5	2.000
9491	G	6	7.000
9491	G	7	13.000
9491	T	1	9.000
9491	T	2	15.000
9491	T	3	0.000
9491	T	4	0.000
9491	T	5	14.000
9491	T	6	8.000
9491	T	7	1.000
9492	A	1	1.000
9492	A	2	3.000
9492	A	3	1.000
9492	A	4	0.000
9492	A	5	11.000
9492	A	6	0.000
9492	A	7	7.000
9492	A	8	0.000
9492	A	9	0.000
9492	A	10	1.000
9492	A	11	1.000
9492	A	12	2.000
9492	C	1	4.000
9492	C	2	7.000
9492	C	3	3.000
9492	C	4	14.000
9492	C	5	3.000
9492	C	6	4.000
9492	C	7	1.000
9492	C	8	0.000
9492	C	9	0.000
9492	C	10	0.000
9492	C	11	2.000
9492	C	12	3.000
9492	G	1	3.000
9492	G	2	3.000
9492	G	3	10.000
9492	G	4	1.000
9492	G	5	1.000
9492	G	6	1.000
9492	G	7	5.000
9492	G	8	0.000
9492	G	9	12.000
9492	G	10	2.000
9492	G	11	2.000
9492	G	12	8.000
9492	T	1	7.000
9492	T	2	2.000
9492	T	3	1.000
9492	T	4	0.000
9492	T	5	0.000
9492	T	6	10.000
9492	T	7	2.000
9492	T	8	15.000
9492	T	9	3.000
9492	T	10	12.000
9492	T	11	10.000
9492	T	12	2.000
9493	A	1	1.000
9493	A	2	0.000
9493	A	3	21.000
9493	A	4	21.000
9493	A	5	0.000
9493	A	6	1.000
9493	A	7	6.000
9493	C	1	5.000
9493	C	2	0.000
9493	C	3	0.000
9493	C	4	0.000
9493	C	5	0.000
9493	C	6	0.000
9493	C	7	1.000
9493	G	1	2.000
9493	G	2	0.000
9493	G	3	0.000
9493	G	4	0.000
9493	G	5	0.000
9493	G	6	0.000
9493	G	7	14.000
9493	T	1	13.000
9493	T	2	21.000
9493	T	3	0.000
9493	T	4	0.000
9493	T	5	21.000
9493	T	6	20.000
9493	T	7	0.000
9494	A	1	1.000
9494	A	2	1.000
9494	A	3	21.000
9494	A	4	21.000
9494	A	5	0.000
9494	A	6	0.000
9494	A	7	14.000
9494	C	1	6.000
9494	C	2	0.000
9494	C	3	0.000
9494	C	4	0.000
9494	C	5	0.000
9494	C	6	0.000
9494	C	7	0.000
9494	G	1	4.000
9494	G	2	0.000
9494	G	3	0.000
9494	G	4	0.000
9494	G	5	0.000
9494	G	6	2.000
9494	G	7	7.000
9494	T	1	10.000
9494	T	2	20.000
9494	T	3	0.000
9494	T	4	0.000
9494	T	5	21.000
9494	T	6	19.000
9494	T	7	0.000
9495	A	1	0.000
9495	A	2	0.000
9495	A	3	22.000
9495	A	4	0.000
9495	A	5	22.000
9495	A	6	2.000
9495	C	1	0.000
9495	C	2	0.000
9495	C	3	0.000
9495	C	4	22.000
9495	C	5	0.000
9495	C	6	4.000
9495	G	1	0.000
9495	G	2	22.000
9495	G	3	0.000
9495	G	4	0.000
9495	G	5	0.000
9495	G	6	8.000
9495	T	1	22.000
9495	T	2	0.000
9495	T	3	0.000
9495	T	4	0.000
9495	T	5	0.000
9495	T	6	2.000
9496	A	1	4.000
9496	A	2	1.000
9496	A	3	0.000
9496	A	4	0.000
9496	A	5	19.000
9496	A	6	19.000
9496	A	7	0.000
9496	A	8	2.000
9496	A	9	9.000
9496	C	1	0.000
9496	C	2	8.000
9496	C	3	0.000
9496	C	4	15.000
9496	C	5	0.000
9496	C	6	0.000
9496	C	7	0.000
9496	C	8	0.000
9496	C	9	0.000
9496	G	1	2.000
9496	G	2	1.000
9496	G	3	0.000
9496	G	4	2.000
9496	G	5	0.000
9496	G	6	0.000
9496	G	7	19.000
9496	G	8	0.000
9496	G	9	10.000
9496	T	1	13.000
9496	T	2	9.000
9496	T	3	19.000
9496	T	4	2.000
9496	T	5	0.000
9496	T	6	0.000
9496	T	7	0.000
9496	T	8	17.000
9496	T	9	0.000
9497	A	1	0.000
9497	A	2	11.000
9497	A	3	2.000
9497	A	4	0.000
9497	A	5	3.000
9497	A	6	11.000
9497	C	1	2.000
9497	C	2	0.000
9497	C	3	2.000
9497	C	4	0.000
9497	C	5	8.000
9497	C	6	0.000
9497	G	1	0.000
9497	G	2	0.000
9497	G	3	0.000
9497	G	4	6.000
9497	G	5	0.000
9497	G	6	0.000
9497	T	1	9.000
9497	T	2	0.000
9497	T	3	7.000
9497	T	4	5.000
9497	T	5	0.000
9497	T	6	0.000
9498	A	1	11.000
9498	A	2	1.000
9498	A	3	1.000
9498	A	4	41.000
9498	A	5	1.000
9498	A	6	8.000
9498	A	7	2.000
9498	A	8	18.000
9498	A	9	10.000
9498	A	10	14.000
9498	C	1	3.000
9498	C	2	7.000
9498	C	3	0.000
9498	C	4	0.000
9498	C	5	0.000
9498	C	6	10.000
9498	C	7	6.000
9498	C	8	7.000
9498	C	9	5.000
9498	C	10	6.000
9498	G	1	5.000
9498	G	2	3.000
9498	G	3	40.000
9498	G	4	0.000
9498	G	5	40.000
9498	G	6	0.000
9498	G	7	29.000
9498	G	8	11.000
9498	G	9	12.000
9498	G	10	2.000
9498	T	1	22.000
9498	T	2	30.000
9498	T	3	0.000
9498	T	4	0.000
9498	T	5	0.000
9498	T	6	23.000
9498	T	7	4.000
9498	T	8	5.000
9498	T	9	14.000
9498	T	10	19.000
9499	A	1	2.000
9499	A	2	0.000
9499	A	3	16.000
9499	A	4	16.000
9499	A	5	0.000
9499	A	6	0.000
9499	A	7	16.000
9499	C	1	9.000
9499	C	2	0.000
9499	C	3	0.000
9499	C	4	0.000
9499	C	5	0.000
9499	C	6	0.000
9499	C	7	0.000
9499	G	1	0.000
9499	G	2	0.000
9499	G	3	0.000
9499	G	4	0.000
9499	G	5	0.000
9499	G	6	11.000
9499	G	7	0.000
9499	T	1	5.000
9499	T	2	16.000
9499	T	3	0.000
9499	T	4	0.000
9499	T	5	16.000
9499	T	6	5.000
9499	T	7	0.000
9500	A	1	3.000
9500	A	2	1.000
9500	A	3	26.000
9500	A	4	26.000
9500	A	5	0.000
9500	A	6	0.000
9500	A	7	22.000
9500	C	1	7.000
9500	C	2	0.000
9500	C	3	0.000
9500	C	4	0.000
9500	C	5	1.000
9500	C	6	0.000
9500	C	7	0.000
9500	G	1	5.000
9500	G	2	0.000
9500	G	3	0.000
9500	G	4	0.000
9500	G	5	0.000
9500	G	6	10.000
9500	G	7	4.000
9500	T	1	11.000
9500	T	2	25.000
9500	T	3	0.000
9500	T	4	0.000
9500	T	5	25.000
9500	T	6	16.000
9500	T	7	0.000
9501	A	1	3.000
9501	A	2	0.000
9501	A	3	0.000
9501	A	4	17.000
9501	A	5	20.000
9501	A	6	0.000
9501	A	7	0.000
9501	A	8	14.000
9501	C	1	5.000
9501	C	2	0.000
9501	C	3	0.000
9501	C	4	0.000
9501	C	5	0.000
9501	C	6	0.000
9501	C	7	0.000
9501	C	8	0.000
9501	G	1	3.000
9501	G	2	0.000
9501	G	3	0.000
9501	G	4	0.000
9501	G	5	0.000
9501	G	6	0.000
9501	G	7	6.000
9501	G	8	6.000
9501	T	1	9.000
9501	T	2	20.000
9501	T	3	20.000
9501	T	4	3.000
9501	T	5	0.000
9501	T	6	20.000
9501	T	7	14.000
9501	T	8	0.000
10527	A	1	14.000
10527	A	2	10.000
10527	A	3	4.000
10527	A	4	2.000
10527	A	5	0.000
10527	A	6	0.000
10527	A	7	2.000
10527	A	8	0.000
10527	A	9	0.000
10527	A	10	15.000
10527	C	1	3.000
10527	C	2	0.000
10527	C	3	0.000
10527	C	4	0.000
10527	C	5	0.000
10527	C	6	0.000
10527	C	7	28.000
10527	C	8	0.000
10527	C	9	0.000
10527	C	10	1.000
10527	G	1	7.000
10527	G	2	20.000
10527	G	3	18.000
10527	G	4	28.000
10527	G	5	30.000
10527	G	6	30.000
10527	G	7	0.000
10527	G	8	30.000
10527	G	9	20.000
10527	G	10	10.000
10527	T	1	6.000
10527	T	2	0.000
10527	T	3	8.000
10527	T	4	0.000
10527	T	5	0.000
10527	T	6	0.000
10527	T	7	0.000
10527	T	8	0.000
10527	T	9	10.000
10527	T	10	4.000
10528	A	1	0.000
10528	A	2	0.000
10528	A	3	22.000
10528	A	4	25.000
10528	A	5	2.000
10528	A	6	7.000
10528	A	7	3.000
10528	C	1	1.000
10528	C	2	0.000
10528	C	3	0.000
10528	C	4	0.000
10528	C	5	0.000
10528	C	6	0.000
10528	C	7	0.000
10528	G	1	1.000
10528	G	2	0.000
10528	G	3	0.000
10528	G	4	0.000
10528	G	5	0.000
10528	G	6	1.000
10528	G	7	22.000
10528	T	1	23.000
10528	T	2	25.000
10528	T	3	3.000
10528	T	4	0.000
10528	T	5	23.000
10528	T	6	17.000
10528	T	7	0.000
10529	A	1	1.000
10529	A	2	0.000
10529	A	3	0.000
10529	A	4	20.000
10529	A	5	0.000
10529	A	6	0.000
10529	A	7	2.000
10529	A	8	0.000
10529	A	9	1.000
10529	A	10	4.000
10529	A	11	6.000
10529	C	1	8.000
10529	C	2	25.000
10529	C	3	17.000
10529	C	4	0.000
10529	C	5	0.000
10529	C	6	0.000
10529	C	7	0.000
10529	C	8	0.000
10529	C	9	2.000
10529	C	10	10.000
10529	C	11	1.000
10529	G	1	7.000
10529	G	2	0.000
10529	G	3	0.000
10529	G	4	0.000
10529	G	5	0.000
10529	G	6	3.000
10529	G	7	27.000
10529	G	8	0.000
10529	G	9	4.000
10529	G	10	6.000
10529	G	11	1.000
10529	T	1	13.000
10529	T	2	4.000
10529	T	3	12.000
10529	T	4	9.000
10529	T	5	29.000
10529	T	6	26.000
10529	T	7	0.000
10529	T	8	29.000
10529	T	9	22.000
10529	T	10	9.000
10529	T	11	21.000
10530	A	1	3.000
10530	A	2	5.000
10530	A	3	0.000
10530	A	4	0.000
10530	A	5	0.000
10530	A	6	13.000
10530	A	7	4.000
10530	A	8	6.000
10530	A	9	0.000
10530	A	10	23.000
10530	A	11	15.000
10530	C	1	0.000
10530	C	2	0.000
10530	C	3	0.000
10530	C	4	0.000
10530	C	5	0.000
10530	C	6	0.000
10530	C	7	13.000
10530	C	8	7.000
10530	C	9	11.000
10530	C	10	0.000
10530	C	11	4.000
10530	G	1	0.000
10530	G	2	22.000
10530	G	3	0.000
10530	G	4	0.000
10530	G	5	1.000
10530	G	6	14.000
10530	G	7	2.000
10530	G	8	3.000
10530	G	9	2.000
10530	G	10	1.000
10530	G	11	4.000
10530	T	1	24.000
10530	T	2	0.000
10530	T	3	27.000
10530	T	4	27.000
10530	T	5	26.000
10530	T	6	0.000
10530	T	7	8.000
10530	T	8	11.000
10530	T	9	14.000
10530	T	10	3.000
10530	T	11	4.000
10531	A	1	28.000
10531	A	2	0.000
10531	A	3	1.000
10531	A	4	54.000
10531	A	5	0.000
10531	A	6	7.000
10531	A	7	0.000
10531	A	8	55.000
10531	A	9	60.000
10531	A	10	2.000
10531	C	1	5.000
10531	C	2	0.000
10531	C	3	1.000
10531	C	4	0.000
10531	C	5	53.000
10531	C	6	0.000
10531	C	7	6.000
10531	C	8	3.000
10531	C	9	0.000
10531	C	10	25.000
10531	G	1	25.000
10531	G	2	0.000
10531	G	3	3.000
10531	G	4	6.000
10531	G	5	0.000
10531	G	6	53.000
10531	G	7	0.000
10531	G	8	1.000
10531	G	9	0.000
10531	G	10	5.000
10531	T	1	2.000
10531	T	2	60.000
10531	T	3	55.000
10531	T	4	0.000
10531	T	5	7.000
10531	T	6	0.000
10531	T	7	54.000
10531	T	8	1.000
10531	T	9	0.000
10531	T	10	28.000
10532	A	1	6.000
10532	A	2	2.000
10532	A	3	16.000
10532	A	4	31.000
10532	A	5	0.000
10532	A	6	8.000
10532	A	7	24.000
10532	C	1	3.000
10532	C	2	1.000
10532	C	3	1.000
10532	C	4	0.000
10532	C	5	0.000
10532	C	6	0.000
10532	C	7	0.000
10532	G	1	4.000
10532	G	2	0.000
10532	G	3	1.000
10532	G	4	0.000
10532	G	5	0.000
10532	G	6	9.000
10532	G	7	7.000
10532	T	1	19.000
10532	T	2	29.000
10532	T	3	14.000
10532	T	4	1.000
10532	T	5	32.000
10532	T	6	15.000
10532	T	7	1.000
10533	A	1	1.000
10533	A	2	3.000
10533	A	3	1.000
10533	A	4	22.000
10533	A	5	1.000
10533	A	6	2.000
10533	A	7	1.000
10533	A	8	1.000
10533	A	9	7.000
10533	A	10	1.000
10533	C	1	2.000
10533	C	2	7.000
10533	C	3	31.000
10533	C	4	1.000
10533	C	5	30.000
10533	C	6	1.000
10533	C	7	10.000
10533	C	8	1.000
10533	C	9	17.000
10533	C	10	30.000
10533	G	1	30.000
10533	G	2	17.000
10533	G	3	1.000
10533	G	4	10.000
10533	G	5	1.000
10533	G	6	30.000
10533	G	7	1.000
10533	G	8	31.000
10533	G	9	7.000
10533	G	10	2.000
10533	T	1	1.000
10533	T	2	7.000
10533	T	3	1.000
10533	T	4	1.000
10533	T	5	2.000
10533	T	6	1.000
10533	T	7	22.000
10533	T	8	1.000
10533	T	9	3.000
10533	T	10	1.000
10534	A	1	3.000
10534	A	2	8.000
10534	A	3	0.000
10534	A	4	0.000
10534	A	5	0.000
10534	A	6	0.000
10534	A	7	0.000
10534	A	8	0.000
10534	A	9	24.000
10534	C	1	0.000
10534	C	2	0.000
10534	C	3	0.000
10534	C	4	0.000
10534	C	5	32.000
10534	C	6	0.000
10534	C	7	0.000
10534	C	8	0.000
10534	C	9	3.000
10534	G	1	18.000
10534	G	2	24.000
10534	G	3	32.000
10534	G	4	32.000
10534	G	5	0.000
10534	G	6	32.000
10534	G	7	3.000
10534	G	8	31.000
10534	G	9	2.000
10534	T	1	11.000
10534	T	2	0.000
10534	T	3	0.000
10534	T	4	0.000
10534	T	5	0.000
10534	T	6	0.000
10534	T	7	29.000
10534	T	8	1.000
10534	T	9	3.000
10535	A	1	19.000
10535	A	2	25.000
10535	A	3	16.000
10535	A	4	5.000
10535	A	5	0.000
10535	A	6	21.000
10535	A	7	0.000
10535	A	8	17.000
10535	A	9	1.000
10535	A	10	0.000
10535	A	11	25.000
10535	A	12	5.000
10535	C	1	1.000
10535	C	2	1.000
10535	C	3	0.000
10535	C	4	9.000
10535	C	5	4.000
10535	C	6	0.000
10535	C	7	0.000
10535	C	8	0.000
10535	C	9	3.000
10535	C	10	26.000
10535	C	11	0.000
10535	C	12	12.000
10535	G	1	2.000
10535	G	2	0.000
10535	G	3	0.000
10535	G	4	6.000
10535	G	5	1.000
10535	G	6	5.000
10535	G	7	26.000
10535	G	8	8.000
10535	G	9	18.000
10535	G	10	0.000
10535	G	11	1.000
10535	G	12	7.000
10535	T	1	4.000
10535	T	2	0.000
10535	T	3	10.000
10535	T	4	6.000
10535	T	5	21.000
10535	T	6	0.000
10535	T	7	0.000
10535	T	8	1.000
10535	T	9	4.000
10535	T	10	0.000
10535	T	11	0.000
10535	T	12	2.000
10536	A	1	3.000
10536	A	2	11.000
10536	A	3	24.000
10536	A	4	30.000
10536	A	5	18.000
10536	A	6	0.000
10536	A	7	2.000
10536	A	8	2.000
10536	A	9	0.000
10536	A	10	4.000
10536	A	11	20.000
10536	C	1	17.000
10536	C	2	4.000
10536	C	3	0.000
10536	C	4	0.000
10536	C	5	6.000
10536	C	6	0.000
10536	C	7	0.000
10536	C	8	0.000
10536	C	9	1.000
10536	C	10	0.000
10536	C	11	4.000
10536	G	1	5.000
10536	G	2	10.000
10536	G	3	7.000
10536	G	4	0.000
10536	G	5	7.000
10536	G	6	31.000
10536	G	7	29.000
10536	G	8	29.000
10536	G	9	7.000
10536	G	10	5.000
10536	G	11	3.000
10536	T	1	6.000
10536	T	2	6.000
10536	T	3	0.000
10536	T	4	1.000
10536	T	5	0.000
10536	T	6	0.000
10536	T	7	0.000
10536	T	8	0.000
10536	T	9	23.000
10536	T	10	22.000
10536	T	11	4.000
10537	A	1	2.000
10537	A	2	29.000
10537	A	3	0.000
10537	A	4	0.000
10537	A	5	0.000
10537	A	6	24.000
10537	A	7	28.000
10537	A	8	28.000
10537	A	9	4.000
10537	A	10	6.000
10537	A	11	19.000
10537	A	12	4.000
10537	C	1	1.000
10537	C	2	0.000
10537	C	3	0.000
10537	C	4	0.000
10537	C	5	19.000
10537	C	6	0.000
10537	C	7	0.000
10537	C	8	0.000
10537	C	9	1.000
10537	C	10	5.000
10537	C	11	5.000
10537	C	12	3.000
10537	G	1	1.000
10537	G	2	0.000
10537	G	3	0.000
10537	G	4	25.000
10537	G	5	1.000
10537	G	6	0.000
10537	G	7	1.000
10537	G	8	0.000
10537	G	9	0.000
10537	G	10	8.000
10537	G	11	1.000
10537	G	12	15.000
10537	T	1	25.000
10537	T	2	0.000
10537	T	3	29.000
10537	T	4	4.000
10537	T	5	9.000
10537	T	6	5.000
10537	T	7	0.000
10537	T	8	1.000
10537	T	9	24.000
10537	T	10	10.000
10537	T	11	4.000
10537	T	12	7.000
10538	A	1	7.000
10538	A	2	10.000
10538	A	3	0.000
10538	A	4	12.000
10538	A	5	0.000
10538	A	6	0.000
10538	A	7	15.000
10538	A	8	0.000
10538	A	9	0.000
10538	A	10	11.000
10538	A	11	5.000
10538	C	1	5.000
10538	C	2	5.000
10538	C	3	14.000
10538	C	4	0.000
10538	C	5	0.000
10538	C	6	0.000
10538	C	7	0.000
10538	C	8	0.000
10538	C	9	15.000
10538	C	10	3.000
10538	C	11	4.000
10538	G	1	0.000
10538	G	2	0.000
10538	G	3	1.000
10538	G	4	3.000
10538	G	5	15.000
10538	G	6	0.000
10538	G	7	0.000
10538	G	8	15.000
10538	G	9	0.000
10538	G	10	1.000
10538	G	11	6.000
10538	T	1	3.000
10538	T	2	0.000
10538	T	3	0.000
10538	T	4	0.000
10538	T	5	0.000
10538	T	6	15.000
10538	T	7	0.000
10538	T	8	0.000
10538	T	9	0.000
10538	T	10	0.000
10538	T	11	0.000
10539	A	1	0.000
10539	A	2	0.000
10539	A	3	22.000
10539	A	4	22.000
10539	A	5	0.000
10539	A	6	0.000
10539	A	7	13.000
10539	C	1	11.000
10539	C	2	0.000
10539	C	3	0.000
10539	C	4	0.000
10539	C	5	0.000
10539	C	6	0.000
10539	C	7	0.000
10539	G	1	4.000
10539	G	2	0.000
10539	G	3	0.000
10539	G	4	0.000
10539	G	5	0.000
10539	G	6	0.000
10539	G	7	8.000
10539	T	1	7.000
10539	T	2	22.000
10539	T	3	0.000
10539	T	4	0.000
10539	T	5	22.000
10539	T	6	22.000
10539	T	7	1.000
10540	A	1	0.000
10540	A	2	10.000
10540	A	3	1.000
10540	A	4	1.000
10540	A	5	0.000
10540	A	6	0.000
10540	A	7	0.000
10540	A	8	0.000
10540	A	9	4.000
10540	A	10	0.000
10540	A	11	3.000
10540	A	12	2.000
10540	C	1	1.000
10540	C	2	7.000
10540	C	3	16.000
10540	C	4	15.000
10540	C	5	16.000
10540	C	6	18.000
10540	C	7	18.000
10540	C	8	14.000
10540	C	9	0.000
10540	C	10	14.000
10540	C	11	1.000
10540	C	12	0.000
10540	G	1	15.000
10540	G	2	1.000
10540	G	3	0.000
10540	G	4	1.000
10540	G	5	1.000
10540	G	6	0.000
10540	G	7	0.000
10540	G	8	0.000
10540	G	9	13.000
10540	G	10	2.000
10540	G	11	4.000
10540	G	12	16.000
10540	T	1	2.000
10540	T	2	0.000
10540	T	3	1.000
10540	T	4	1.000
10540	T	5	1.000
10540	T	6	0.000
10540	T	7	0.000
10540	T	8	4.000
10540	T	9	1.000
10540	T	10	2.000
10540	T	11	10.000
10540	T	12	0.000
10541	A	1	4.000
10541	A	2	0.000
10541	A	3	16.000
10541	A	4	17.000
10541	A	5	0.000
10541	A	6	1.000
10541	A	7	8.000
10541	C	1	6.000
10541	C	2	0.000
10541	C	3	0.000
10541	C	4	0.000
10541	C	5	0.000
10541	C	6	0.000
10541	C	7	1.000
10541	G	1	0.000
10541	G	2	0.000
10541	G	3	0.000
10541	G	4	0.000
10541	G	5	0.000
10541	G	6	1.000
10541	G	7	4.000
10541	T	1	7.000
10541	T	2	17.000
10541	T	3	1.000
10541	T	4	0.000
10541	T	5	17.000
10541	T	6	15.000
10541	T	7	4.000
10542	A	1	8.000
10542	A	2	0.000
10542	A	3	3.000
10542	A	4	0.000
10542	A	5	0.000
10542	A	6	0.000
10542	A	7	27.000
10542	A	8	1.000
10542	A	9	17.000
10542	A	10	4.000
10542	A	11	15.000
10542	C	1	3.000
10542	C	2	0.000
10542	C	3	0.000
10542	C	4	0.000
10542	C	5	0.000
10542	C	6	0.000
10542	C	7	0.000
10542	C	8	22.000
10542	C	9	8.000
10542	C	10	13.000
10542	C	11	3.000
10542	G	1	14.000
10542	G	2	0.000
10542	G	3	38.000
10542	G	4	0.000
10542	G	5	1.000
10542	G	6	2.000
10542	G	7	4.000
10542	G	8	7.000
10542	G	9	15.000
10542	G	10	3.000
10542	G	11	4.000
10542	T	1	16.000
10542	T	2	41.000
10542	T	3	0.000
10542	T	4	41.000
10542	T	5	40.000
10542	T	6	39.000
10542	T	7	10.000
10542	T	8	11.000
10542	T	9	1.000
10542	T	10	21.000
10542	T	11	19.000
10543	A	1	20.000
10543	A	2	29.000
10543	A	3	33.000
10543	A	4	31.000
10543	A	5	0.000
10543	A	6	0.000
10543	A	7	0.000
10543	A	8	33.000
10543	A	9	31.000
10543	A	10	17.000
10543	C	1	4.000
10543	C	2	0.000
10543	C	3	0.000
10543	C	4	1.000
10543	C	5	0.000
10543	C	6	2.000
10543	C	7	33.000
10543	C	8	0.000
10543	C	9	0.000
10543	C	10	10.000
10543	G	1	4.000
10543	G	2	4.000
10543	G	3	0.000
10543	G	4	1.000
10543	G	5	33.000
10543	G	6	0.000
10543	G	7	0.000
10543	G	8	0.000
10543	G	9	1.000
10543	G	10	2.000
10543	T	1	5.000
10543	T	2	0.000
10543	T	3	0.000
10543	T	4	0.000
10543	T	5	0.000
10543	T	6	31.000
10543	T	7	0.000
10543	T	8	0.000
10543	T	9	1.000
10543	T	10	4.000
10544	A	1	10.000
10544	A	2	22.000
10544	A	3	0.000
10544	A	4	0.000
10544	A	5	22.000
10544	A	6	0.000
10544	A	7	21.000
10544	A	8	22.000
10544	A	9	1.000
10544	C	1	8.000
10544	C	2	0.000
10544	C	3	0.000
10544	C	4	0.000
10544	C	5	0.000
10544	C	6	5.000
10544	C	7	0.000
10544	C	8	0.000
10544	C	9	5.000
10544	G	1	3.000
10544	G	2	0.000
10544	G	3	22.000
10544	G	4	22.000
10544	G	5	0.000
10544	G	6	0.000
10544	G	7	0.000
10544	G	8	0.000
10544	G	9	3.000
10544	T	1	1.000
10544	T	2	0.000
10544	T	3	0.000
10544	T	4	0.000
10544	T	5	0.000
10544	T	6	17.000
10544	T	7	1.000
10544	T	8	0.000
10544	T	9	13.000
