>MA0001.1 AGL3
A  [ 0  3 79 40 66 48 65 11 65  0 ]
C  [94 75  4  3  1  2  5  2  3  3 ]
G  [ 1  0  3  4  1  0  5  3 28 88 ]
T  [ 2 19 11 50 29 47 22 81  1  6 ]
>MA0005.1 AG
A  [ 0  2 38 61 73 31 23 20 22  1 27 ]
C  [87 86  9  5  1  3 16 13  0  0 25 ]
G  [ 2  0  7  2  1  4 17 26 64 82  9 ]
T  [ 1  2 36 22 15 52 34 31  4  7 29 ]
>MA0008.1 HAT5
A  [ 3 21 25  0  0 24  1  0 ]
C  [13  1  0  0  5  0  0  0 ]
G  [ 4  0  0  0  0  1  0  2 ]
T  [ 5  3  0 25 20  0 24 23 ]
>MA0020.1 Dof2
A  [21 21 21  0  3  7 ]
C  [ 0  0  0  0 14  6 ]
G  [ 0  0  0 21  2  3 ]
T  [ 0  0  0  0  2  5 ]
>MA0021.1 Dof3
A  [21 21 21  0  0  6 ]
C  [ 0  0  0  0 10  6 ]
G  [ 0  0  0 21  3  9 ]
T  [ 0  0  0  0  8  0 ]
>MA0034.1 Gamyb
A  [ 4 10  3 23 25  1  3  6 10  5 ]
C  [ 6  5 13  1  0 24 14  0 11 19 ]
G  [11  7  0  1  0  0  6 19  0  1 ]
T  [ 4  3  9  0  0  0  2  0  4  0 ]
>MA0044.1 HMG-1
A  [ 0  0  0  0  0  6  3  0  0 ]
C  [ 5  0  4  2  1  1  5  1  8 ]
G  [ 8  3  0 10  0  3  0  2  1 ]
T  [ 0 10  9  1 12  3  5 10  4 ]
>MA0045.1 HMG-I/Y
A  [ 3  7  9  3 11 11 11  3  4  3  8  8  9  9 11  2 ]
C  [ 5  0  1  6  0  0  0  3  1  4  5  1  0  5  0  7 ]
G  [ 4  3  1  4  3  2  2  2  8  6  1  4  2  0  3  0 ]
T  [ 2  4  3  1  0  1  1  6  1  1  0  1  3  0  0  5 ]
>MA0053.1 MNB1A
A  [15 15 15  0  3 ]
C  [ 0  0  0  0  9 ]
G  [ 0  0  0 15  0 ]
T  [ 0  0  0  0  3 ]
>MA0054.1 myb.Ph3
A  [19 64 63  4 10 10 13  3 28 ]
C  [ 3  1  0 62 27  2  8 17  1 ]
G  [ 2  2  2  3 16 53  0  1  0 ]
T  [46  3  5  1 17  5 49 49 41 ]
>MA0064.1 PBF
A  [16 16 16  0  1 ]
C  [ 0  0  0  0  9 ]
G  [ 0  0  0 16  1 ]
T  [ 0  0  0  0  5 ]
>MA0082.1 squamosa
A  [11  0 24 16 23 17 24  8 14  1 14 25 21  7 ]
C  [14 22  0  2  0  0  1  0  1  1  5  5  2  5 ]
G  [ 1  0  4  1  0  0  0  1 15 28  1  0  3  8 ]
T  [ 4  8  2 11  7 13  5 21  0  0 10  0  4 10 ]
>MA0096.1 bZIP910
A  [15  0  0 35  0  0  0 ]
C  [15  0  0  0 35  0  0 ]
G  [ 5  0 35  0  0 35  0 ]
T  [ 0 35  0  0  0  0 35 ]
>MA0097.1 bZIP911
A  [ 1 17  0  0 33  0  0  0  0  1 11  1 ]
C  [ 0  0  0  0  0 33  0  0  1  0 20 32 ]
G  [31 16  0 33  0  0 33  0 32 22  1  0 ]
T  [ 1  0 33  0  0  0  0 33  0 10  1  0 ]
>MA0110.1 ATHB-5
A  [ 3  1 30 37  0  2 37  0  0 ]
C  [19 29  6  0  0  5  0  0  0 ]
G  [ 9  4  0  0  0 10  0  0  0 ]
T  [ 6  3  1  0 37 20  0 37 37 ]
>MA0120.1 id1
A  [ 1  3  1  0  0  2  3  1  8  0  0  2 ]
C  [ 1  3  2  9 13 11  8  1  5  6 17  0 ]
G  [ 2  4  9  3  4  4  2  1  1  7  0 18 ]
T  [20 14 12 12  7  7 11 21 10 11  7  4 ]
>MA0121.1 ARR10
A  [14  0 14  0  4  1  0  3 ]
C  [ 1  0  0  0  6  8  0  6 ]
G  [ 0 15  1  0  0  0  9  4 ]
T  [ 0  0  0 15  5  6  6  2 ]
>MA0123.1 abi4
A  [ 0 12  0  0  1  0  5  3  3  4 ]
C  [49  0 20 23  3 45 28 25 31 26 ]
G  [ 0 37 29  1 45  4  6 11  5  7 ]
T  [ 0  0  0 25  0  0 10 10 10 12 ]
>MA0127.1 PEND
A  [30  6  1  4  3  0  2 32  4  2 ]
C  [ 2 19  0  0 33  2  0  7  3  5 ]
G  [ 8  7  2  4  2  2  1  2  0 14 ]
T  [ 2 10 39 34  4 38 39  1 35 21 ]
>MA0128.1 EmBP-1
A  [ 9  1 13  0  0  0  0  0 ]
C  [ 0  7  0 12  0  0  1  1 ]
G  [ 0  4  0  0 13  0 12 12 ]
T  [ 4  1  0  1  0 13  0  0 ]
>MA0129.1 TGA1A
A  [ 4 13  0  2  1  0 13 ]
C  [ 4  0 14  0  0 15  0 ]
G  [ 0  1  0 13  0  0  1 ]
T  [ 7  1  1  0 14  0  1 ]
