9504	A	1	0.000
9504	A	2	37.000
9504	A	3	37.000
9504	A	4	19.000
9504	A	5	0.000
9504	A	6	0.000
9504	C	1	0.000
9504	C	2	0.000
9504	C	3	0.000
9504	C	4	0.000
9504	C	5	37.000
9504	C	6	26.000
9504	G	1	37.000
9504	G	2	0.000
9504	G	3	0.000
9504	G	4	18.000
9504	G	5	0.000
9504	G	6	11.000
9504	T	1	0.000
9504	T	2	0.000
9504	T	3	0.000
9504	T	4	0.000
9504	T	5	0.000
9504	T	6	0.000
9505	A	1	0.000
9505	A	2	159.000
9505	A	3	159.000
9505	A	4	0.000
9505	A	5	84.000
9505	A	6	6.000
9505	C	1	0.000
9505	C	2	0.000
9505	C	3	0.000
9505	C	4	159.000
9505	C	5	7.000
9505	C	6	84.000
9505	G	1	159.000
9505	G	2	0.000
9505	G	3	0.000
9505	G	4	0.000
9505	G	5	56.000
9505	G	6	29.000
9505	T	1	0.000
9505	T	2	0.000
9505	T	3	0.000
9505	T	4	0.000
9505	T	5	12.000
9505	T	6	39.000
9506	A	1	76.000
9506	A	2	86.000
9506	A	3	0.000
9506	A	4	0.000
9506	A	5	0.000
9506	A	6	0.000
9506	A	7	0.000
9506	A	8	0.000
9506	A	9	13.000
9506	A	10	62.000
9506	A	11	50.000
9506	A	12	29.000
9506	A	13	8.000
9506	C	1	3.000
9506	C	2	0.000
9506	C	3	1.000
9506	C	4	0.000
9506	C	5	0.000
9506	C	6	0.000
9506	C	7	0.000
9506	C	8	100.000
9506	C	9	19.000
9506	C	10	0.000
9506	C	11	0.000
9506	C	12	13.000
9506	C	13	8.000
9506	G	1	13.000
9506	G	2	0.000
9506	G	3	0.000
9506	G	4	100.000
9506	G	5	0.000
9506	G	6	0.000
9506	G	7	100.000
9506	G	8	0.000
9506	G	9	67.000
9506	G	10	11.000
9506	G	11	6.000
9506	G	12	22.000
9506	G	13	10.000
9506	T	1	8.000
9506	T	2	14.000
9506	T	3	99.000
9506	T	4	0.000
9506	T	5	100.000
9506	T	6	100.000
9506	T	7	0.000
9506	T	8	0.000
9506	T	9	1.000
9506	T	10	27.000
9506	T	11	44.000
9506	T	12	36.000
9506	T	13	74.000
9507	A	1	28.000
9507	A	2	0.000
9507	A	3	1.000
9507	A	4	9.000
9507	A	5	0.000
9507	A	6	2.000
9507	A	7	3.000
9507	A	8	1.000
9507	A	9	14.000
9507	A	10	4.000
9507	A	11	0.000
9507	A	12	0.000
9507	A	13	24.000
9507	A	14	15.000
9507	C	1	0.000
9507	C	2	0.000
9507	C	3	0.000
9507	C	4	0.000
9507	C	5	0.000
9507	C	6	16.000
9507	C	7	5.000
9507	C	8	5.000
9507	C	9	15.000
9507	C	10	3.000
9507	C	11	0.000
9507	C	12	2.000
9507	C	13	1.000
9507	C	14	0.000
9507	G	1	1.000
9507	G	2	1.000
9507	G	3	0.000
9507	G	4	20.000
9507	G	5	28.000
9507	G	6	1.000
9507	G	7	1.000
9507	G	8	0.000
9507	G	9	0.000
9507	G	10	22.000
9507	G	11	0.000
9507	G	12	0.000
9507	G	13	0.000
9507	G	14	9.000
9507	T	1	0.000
9507	T	2	28.000
9507	T	3	28.000
9507	T	4	0.000
9507	T	5	1.000
9507	T	6	10.000
9507	T	7	20.000
9507	T	8	23.000
9507	T	9	0.000
9507	T	10	0.000
9507	T	11	29.000
9507	T	12	27.000
9507	T	13	4.000
9507	T	14	5.000
9508	A	1	33.000
9508	A	2	8.000
9508	A	3	0.000
9508	A	4	93.000
9508	A	5	1.000
9508	A	6	0.000
9508	A	7	0.000
9508	A	8	7.000
9508	A	9	95.000
9508	A	10	46.000
9508	A	11	51.000
9508	C	1	15.000
9508	C	2	71.000
9508	C	3	89.000
9508	C	4	1.000
9508	C	5	97.000
9508	C	6	0.000
9508	C	7	16.000
9508	C	8	27.000
9508	C	9	0.000
9508	C	10	29.000
9508	C	11	20.000
9508	G	1	31.000
9508	G	2	19.000
9508	G	3	0.000
9508	G	4	0.000
9508	G	5	0.000
9508	G	6	0.000
9508	G	7	0.000
9508	G	8	63.000
9508	G	9	0.000
9508	G	10	20.000
9508	G	11	15.000
9508	T	1	19.000
9508	T	2	0.000
9508	T	3	9.000
9508	T	4	5.000
9508	T	5	0.000
9508	T	6	99.000
9508	T	7	83.000
9508	T	8	1.000
9508	T	9	4.000
9508	T	10	3.000
9508	T	11	12.000
