9347	A	1	5.000
9347	A	2	9.000
9347	A	3	0.000
9347	A	4	0.000
9347	A	5	3.000
9347	A	6	0.000
9347	A	7	5.000
9347	A	8	5.000
9347	A	9	13.000
9347	C	1	15.000
9347	C	2	2.000
9347	C	3	0.000
9347	C	4	0.000
9347	C	5	4.000
9347	C	6	0.000
9347	C	7	7.000
9347	C	8	14.000
9347	C	9	14.000
9347	G	1	6.000
9347	G	2	23.000
9347	G	3	42.000
9347	G	4	42.000
9347	G	5	23.000
9347	G	6	42.000
9347	G	7	15.000
9347	G	8	4.000
9347	G	9	10.000
9347	T	1	16.000
9347	T	2	8.000
9347	T	3	0.000
9347	T	4	0.000
9347	T	5	12.000
9347	T	6	0.000
9347	T	7	15.000
9347	T	8	19.000
9347	T	9	5.000
