10093	A	1	10561.000
10093	A	2	9690.000
10093	A	3	8978.000
10093	A	4	8163.000
10093	A	5	7470.000
10093	A	6	6736.000
10093	A	7	6218.000
10093	A	8	6281.000
10093	A	9	7189.000
10093	A	10	7841.000
10093	A	11	8272.000
10093	A	12	6225.000
10093	A	13	6463.000
10093	A	14	17046.000
10093	A	15	4235.000
10093	A	16	70794.000
10093	A	17	0.000
10093	A	18	18462.000
10093	A	19	17439.000
10093	A	20	18839.000
10093	C	1	18956.000
10093	C	2	18907.000
10093	C	3	19614.000
10093	C	4	19447.000
10093	C	5	19246.000
10093	C	6	19301.000
10093	C	7	18138.000
10093	C	8	19520.000
10093	C	9	20437.000
10093	C	10	22549.000
10093	C	11	23287.000
10093	C	12	23815.000
10093	C	13	20443.000
10093	C	14	19025.000
10093	C	15	44803.000
10093	C	16	0.000
10093	C	17	0.000
10093	C	18	10023.000
10093	C	19	13338.000
10093	C	20	16237.000
10093	G	1	9777.000
10093	G	2	9552.000
10093	G	3	9076.000
10093	G	4	8685.000
10093	G	5	8295.000
10093	G	6	7454.000
10093	G	7	7277.000
10093	G	8	7669.000
10093	G	9	8063.000
10093	G	10	7381.000
10093	G	11	6449.000
10093	G	12	4550.000
10093	G	13	4464.000
10093	G	14	14183.000
10093	G	15	144.000
10093	G	16	0.000
10093	G	17	70794.000
10093	G	18	34299.000
10093	G	19	13564.000
10093	G	20	16353.000
10093	T	1	31500.000
10093	T	2	32645.000
10093	T	3	33126.000
10093	T	4	34499.000
10093	T	5	35783.000
10093	T	6	37303.000
10093	T	7	39161.000
10093	T	8	37324.000
10093	T	9	35105.000
10093	T	10	33023.000
10093	T	11	32786.000
10093	T	12	36204.000
10093	T	13	39424.000
10093	T	14	20540.000
10093	T	15	21612.000
10093	T	16	0.000
10093	T	17	0.000
10093	T	18	8010.000
10093	T	19	26453.000
10093	T	20	19365.000
10094	A	1	79.000
10094	A	2	81.000
10094	A	3	68.000
10094	A	4	79.000
10094	A	5	72.000
10094	A	6	51.000
10094	A	7	44.000
10094	A	8	52.000
10094	A	9	48.000
10094	A	10	75.000
10094	A	11	67.000
10094	A	12	52.000
10094	A	13	53.000
10094	A	14	131.000
10094	A	15	20.000
10094	A	16	548.000
10094	A	17	0.000
10094	A	18	159.000
10094	A	19	149.000
10094	A	20	150.000
10094	C	1	136.000
10094	C	2	140.000
10094	C	3	138.000
10094	C	4	154.000
10094	C	5	139.000
10094	C	6	148.000
10094	C	7	128.000
10094	C	8	145.000
10094	C	9	152.000
10094	C	10	183.000
10094	C	11	184.000
10094	C	12	186.000
10094	C	13	145.000
10094	C	14	132.000
10094	C	15	353.000
10094	C	16	0.000
10094	C	17	0.000
10094	C	18	61.000
10094	C	19	101.000
10094	C	20	118.000
10094	G	1	72.000
10094	G	2	84.000
10094	G	3	68.000
10094	G	4	70.000
10094	G	5	64.000
10094	G	6	57.000
10094	G	7	57.000
10094	G	8	60.000
10094	G	9	66.000
10094	G	10	64.000
10094	G	11	44.000
10094	G	12	37.000
10094	G	13	32.000
10094	G	14	114.000
10094	G	15	3.000
10094	G	16	0.000
10094	G	17	548.000
10094	G	18	283.000
10094	G	19	91.000
10094	G	20	125.000
10094	T	1	261.000
10094	T	2	243.000
10094	T	3	274.000
10094	T	4	245.000
10094	T	5	273.000
10094	T	6	292.000
10094	T	7	319.000
10094	T	8	291.000
10094	T	9	282.000
10094	T	10	226.000
10094	T	11	253.000
10094	T	12	273.000
10094	T	13	318.000
10094	T	14	171.000
10094	T	15	172.000
10094	T	16	0.000
10094	T	17	0.000
10094	T	18	45.000
10094	T	19	207.000
10094	T	20	155.000
10095	A	1	4.000
10095	A	2	2.000
10095	A	3	9.000
10095	A	4	11.000
10095	A	5	18.000
10095	A	6	27.000
10095	A	7	14.000
10095	A	8	15.000
10095	A	9	11.000
10095	A	10	12.000
10095	A	11	14.000
10095	A	12	14.000
10095	A	13	4.000
10095	A	14	9.000
10095	A	15	6.000
10095	A	16	59.000
10095	A	17	0.000
10095	A	18	13.000
10095	A	19	3.000
10095	A	20	17.000
10095	C	1	27.000
10095	C	2	29.000
10095	C	3	16.000
10095	C	4	10.000
10095	C	5	10.000
10095	C	6	12.000
10095	C	7	24.000
10095	C	8	20.000
10095	C	9	18.000
10095	C	10	18.000
10095	C	11	12.000
10095	C	12	24.000
10095	C	13	17.000
10095	C	14	14.000
10095	C	15	30.000
10095	C	16	0.000
10095	C	17	59.000
10095	C	18	19.000
10095	C	19	11.000
10095	C	20	6.000
10095	G	1	4.000
10095	G	2	3.000
10095	G	3	1.000
10095	G	4	3.000
10095	G	5	8.000
10095	G	6	3.000
10095	G	7	2.000
10095	G	8	6.000
10095	G	9	12.000
10095	G	10	5.000
10095	G	11	10.000
10095	G	12	6.000
10095	G	13	8.000
10095	G	14	10.000
10095	G	15	0.000
10095	G	16	0.000
10095	G	17	0.000
10095	G	18	12.000
10095	G	19	9.000
10095	G	20	10.000
10095	T	1	24.000
10095	T	2	25.000
10095	T	3	33.000
10095	T	4	35.000
10095	T	5	23.000
10095	T	6	17.000
10095	T	7	19.000
10095	T	8	18.000
10095	T	9	18.000
10095	T	10	24.000
10095	T	11	23.000
10095	T	12	15.000
10095	T	13	30.000
10095	T	14	26.000
10095	T	15	23.000
10095	T	16	0.000
10095	T	17	0.000
10095	T	18	15.000
10095	T	19	36.000
10095	T	20	26.000
10096	A	1	24656.000
10096	A	2	45676.000
10096	A	3	7429.000
10096	A	4	0.000
10096	A	5	0.000
10096	A	6	44389.000
10096	A	7	49240.000
10096	A	8	6493.000
10096	A	9	13000.000
10096	A	10	21905.000
10096	A	11	16521.000
10096	C	1	24718.000
10096	C	2	7302.000
10096	C	3	2001.000
10096	C	4	0.000
10096	C	5	0.000
10096	C	6	1772.000
10096	C	7	5118.000
10096	C	8	3882.000
10096	C	9	10055.000
10096	C	10	13156.000
10096	C	11	16887.000
10096	G	1	12917.000
10096	G	2	7650.000
10096	G	3	56278.000
10096	G	4	70794.000
10096	G	5	0.000
10096	G	6	22535.000
10096	G	7	7841.000
10096	G	8	54594.000
10096	G	9	12888.000
10096	G	10	19652.000
10096	G	11	15941.000
10096	T	1	8503.000
10096	T	2	10166.000
10096	T	3	5086.000
10096	T	4	0.000
10096	T	5	70794.000
10096	T	6	2098.000
10096	T	7	8595.000
10096	T	8	5825.000
10096	T	9	34851.000
10096	T	10	16081.000
10096	T	11	21445.000
10097	A	1	223.000
10097	A	2	461.000
10097	A	3	15.000
10097	A	4	0.000
10097	A	5	0.000
10097	A	6	504.000
10097	A	7	449.000
10097	A	8	9.000
10097	A	9	39.000
10097	A	10	187.000
10097	A	11	108.000
10097	C	1	197.000
10097	C	2	17.000
10097	C	3	1.000
10097	C	4	0.000
10097	C	5	548.000
10097	C	6	11.000
10097	C	7	16.000
10097	C	8	9.000
10097	C	9	41.000
10097	C	10	74.000
10097	C	11	137.000
10097	G	1	95.000
10097	G	2	20.000
10097	G	3	524.000
10097	G	4	548.000
10097	G	5	0.000
10097	G	6	23.000
10097	G	7	48.000
10097	G	8	525.000
10097	G	9	43.000
10097	G	10	196.000
10097	G	11	119.000
10097	T	1	33.000
10097	T	2	50.000
10097	T	3	8.000
10097	T	4	0.000
10097	T	5	0.000
10097	T	6	10.000
10097	T	7	35.000
10097	T	8	5.000
10097	T	9	425.000
10097	T	10	91.000
10097	T	11	184.000
10098	A	1	20.000
10098	A	2	26.000
10098	A	3	15.000
10098	A	4	59.000
10098	A	5	0.000
10098	A	6	56.000
10098	A	7	7.000
10098	A	8	0.000
10098	A	9	1.000
10098	A	10	7.000
10098	A	11	1.000
10098	C	1	13.000
10098	C	2	11.000
10098	C	3	14.000
10098	C	4	0.000
10098	C	5	0.000
10098	C	6	0.000
10098	C	7	1.000
10098	C	8	49.000
10098	C	9	49.000
10098	C	10	2.000
10098	C	11	4.000
10098	G	1	12.000
10098	G	2	7.000
10098	G	3	23.000
10098	G	4	0.000
10098	G	5	0.000
10098	G	6	3.000
10098	G	7	1.000
10098	G	8	9.000
10098	G	9	0.000
10098	G	10	1.000
10098	G	11	2.000
10098	T	1	14.000
10098	T	2	15.000
10098	T	3	7.000
10098	T	4	0.000
10098	T	5	59.000
10098	T	6	0.000
10098	T	7	50.000
10098	T	8	1.000
10098	T	9	9.000
10098	T	10	49.000
10098	T	11	52.000
