9229	A	1	0.000
9229	A	2	3.000
9229	A	3	79.000
9229	A	4	40.000
9229	A	5	66.000
9229	A	6	48.000
9229	A	7	65.000
9229	A	8	11.000
9229	A	9	65.000
9229	A	10	0.000
9229	C	1	94.000
9229	C	2	75.000
9229	C	3	4.000
9229	C	4	3.000
9229	C	5	1.000
9229	C	6	2.000
9229	C	7	5.000
9229	C	8	2.000
9229	C	9	3.000
9229	C	10	3.000
9229	G	1	1.000
9229	G	2	0.000
9229	G	3	3.000
9229	G	4	4.000
9229	G	5	1.000
9229	G	6	0.000
9229	G	7	5.000
9229	G	8	3.000
9229	G	9	28.000
9229	G	10	88.000
9229	T	1	2.000
9229	T	2	19.000
9229	T	3	11.000
9229	T	4	50.000
9229	T	5	29.000
9229	T	6	47.000
9229	T	7	22.000
9229	T	8	81.000
9229	T	9	1.000
9229	T	10	6.000
9233	A	1	0.000
9233	A	2	2.000
9233	A	3	38.000
9233	A	4	61.000
9233	A	5	73.000
9233	A	6	31.000
9233	A	7	23.000
9233	A	8	20.000
9233	A	9	22.000
9233	A	10	1.000
9233	A	11	27.000
9233	C	1	87.000
9233	C	2	86.000
9233	C	3	9.000
9233	C	4	5.000
9233	C	5	1.000
9233	C	6	3.000
9233	C	7	16.000
9233	C	8	13.000
9233	C	9	0.000
9233	C	10	0.000
9233	C	11	25.000
9233	G	1	2.000
9233	G	2	0.000
9233	G	3	7.000
9233	G	4	2.000
9233	G	5	1.000
9233	G	6	4.000
9233	G	7	17.000
9233	G	8	26.000
9233	G	9	64.000
9233	G	10	82.000
9233	G	11	9.000
9233	T	1	1.000
9233	T	2	2.000
9233	T	3	36.000
9233	T	4	22.000
9233	T	5	15.000
9233	T	6	52.000
9233	T	7	34.000
9233	T	8	31.000
9233	T	9	4.000
9233	T	10	7.000
9233	T	11	29.000
9236	A	1	3.000
9236	A	2	21.000
9236	A	3	25.000
9236	A	4	0.000
9236	A	5	0.000
9236	A	6	24.000
9236	A	7	1.000
9236	A	8	0.000
9236	C	1	13.000
9236	C	2	1.000
9236	C	3	0.000
9236	C	4	0.000
9236	C	5	5.000
9236	C	6	0.000
9236	C	7	0.000
9236	C	8	0.000
9236	G	1	4.000
9236	G	2	0.000
9236	G	3	0.000
9236	G	4	0.000
9236	G	5	0.000
9236	G	6	1.000
9236	G	7	0.000
9236	G	8	2.000
9236	T	1	5.000
9236	T	2	3.000
9236	T	3	0.000
9236	T	4	25.000
9236	T	5	20.000
9236	T	6	0.000
9236	T	7	24.000
9236	T	8	23.000
9248	A	1	21.000
9248	A	2	21.000
9248	A	3	21.000
9248	A	4	0.000
9248	A	5	3.000
9248	A	6	7.000
9248	C	1	0.000
9248	C	2	0.000
9248	C	3	0.000
9248	C	4	0.000
9248	C	5	14.000
9248	C	6	6.000
9248	G	1	0.000
9248	G	2	0.000
9248	G	3	0.000
9248	G	4	21.000
9248	G	5	2.000
9248	G	6	3.000
9248	T	1	0.000
9248	T	2	0.000
9248	T	3	0.000
9248	T	4	0.000
9248	T	5	2.000
9248	T	6	5.000
9249	A	1	21.000
9249	A	2	21.000
9249	A	3	21.000
9249	A	4	0.000
9249	A	5	0.000
9249	A	6	6.000
9249	C	1	0.000
9249	C	2	0.000
9249	C	3	0.000
9249	C	4	0.000
9249	C	5	10.000
9249	C	6	6.000
9249	G	1	0.000
9249	G	2	0.000
9249	G	3	0.000
9249	G	4	21.000
9249	G	5	3.000
9249	G	6	9.000
9249	T	1	0.000
9249	T	2	0.000
9249	T	3	0.000
9249	T	4	0.000
9249	T	5	8.000
9249	T	6	0.000
9262	A	1	4.000
9262	A	2	10.000
9262	A	3	3.000
9262	A	4	23.000
9262	A	5	25.000
9262	A	6	1.000
9262	A	7	3.000
9262	A	8	6.000
9262	A	9	10.000
9262	A	10	5.000
9262	C	1	6.000
9262	C	2	5.000
9262	C	3	13.000
9262	C	4	1.000
9262	C	5	0.000
9262	C	6	24.000
9262	C	7	14.000
9262	C	8	0.000
9262	C	9	11.000
9262	C	10	19.000
9262	G	1	11.000
9262	G	2	7.000
9262	G	3	0.000
9262	G	4	1.000
9262	G	5	0.000
9262	G	6	0.000
9262	G	7	6.000
9262	G	8	19.000
9262	G	9	0.000
9262	G	10	1.000
9262	T	1	4.000
9262	T	2	3.000
9262	T	3	9.000
9262	T	4	0.000
9262	T	5	0.000
9262	T	6	0.000
9262	T	7	2.000
9262	T	8	0.000
9262	T	9	4.000
9262	T	10	0.000
9272	A	1	0.000
9272	A	2	0.000
9272	A	3	0.000
9272	A	4	0.000
9272	A	5	0.000
9272	A	6	6.000
9272	A	7	3.000
9272	A	8	0.000
9272	A	9	0.000
9272	C	1	5.000
9272	C	2	0.000
9272	C	3	4.000
9272	C	4	2.000
9272	C	5	1.000
9272	C	6	1.000
9272	C	7	5.000
9272	C	8	1.000
9272	C	9	8.000
9272	G	1	8.000
9272	G	2	3.000
9272	G	3	0.000
9272	G	4	10.000
9272	G	5	0.000
9272	G	6	3.000
9272	G	7	0.000
9272	G	8	2.000
9272	G	9	1.000
9272	T	1	0.000
9272	T	2	10.000
9272	T	3	9.000
9272	T	4	1.000
9272	T	5	12.000
9272	T	6	3.000
9272	T	7	5.000
9272	T	8	10.000
9272	T	9	4.000
9273	A	1	3.000
9273	A	2	7.000
9273	A	3	9.000
9273	A	4	3.000
9273	A	5	11.000
9273	A	6	11.000
9273	A	7	11.000
9273	A	8	3.000
9273	A	9	4.000
9273	A	10	3.000
9273	A	11	8.000
9273	A	12	8.000
9273	A	13	9.000
9273	A	14	9.000
9273	A	15	11.000
9273	A	16	2.000
9273	C	1	5.000
9273	C	2	0.000
9273	C	3	1.000
9273	C	4	6.000
9273	C	5	0.000
9273	C	6	0.000
9273	C	7	0.000
9273	C	8	3.000
9273	C	9	1.000
9273	C	10	4.000
9273	C	11	5.000
9273	C	12	1.000
9273	C	13	0.000
9273	C	14	5.000
9273	C	15	0.000
9273	C	16	7.000
9273	G	1	4.000
9273	G	2	3.000
9273	G	3	1.000
9273	G	4	4.000
9273	G	5	3.000
9273	G	6	2.000
9273	G	7	2.000
9273	G	8	2.000
9273	G	9	8.000
9273	G	10	6.000
9273	G	11	1.000
9273	G	12	4.000
9273	G	13	2.000
9273	G	14	0.000
9273	G	15	3.000
9273	G	16	0.000
9273	T	1	2.000
9273	T	2	4.000
9273	T	3	3.000
9273	T	4	1.000
9273	T	5	0.000
9273	T	6	1.000
9273	T	7	1.000
9273	T	8	6.000
9273	T	9	1.000
9273	T	10	1.000
9273	T	11	0.000
9273	T	12	1.000
9273	T	13	3.000
9273	T	14	0.000
9273	T	15	0.000
9273	T	16	5.000
9281	A	1	15.000
9281	A	2	15.000
9281	A	3	15.000
9281	A	4	0.000
9281	A	5	3.000
9281	C	1	0.000
9281	C	2	0.000
9281	C	3	0.000
9281	C	4	0.000
9281	C	5	9.000
9281	G	1	0.000
9281	G	2	0.000
9281	G	3	0.000
9281	G	4	15.000
9281	G	5	0.000
9281	T	1	0.000
9281	T	2	0.000
9281	T	3	0.000
9281	T	4	0.000
9281	T	5	3.000
9282	A	1	19.000
9282	A	2	64.000
9282	A	3	63.000
9282	A	4	4.000
9282	A	5	10.000
9282	A	6	10.000
9282	A	7	13.000
9282	A	8	3.000
9282	A	9	28.000
9282	C	1	3.000
9282	C	2	1.000
9282	C	3	0.000
9282	C	4	62.000
9282	C	5	27.000
9282	C	6	2.000
9282	C	7	8.000
9282	C	8	17.000
9282	C	9	1.000
9282	G	1	2.000
9282	G	2	2.000
9282	G	3	2.000
9282	G	4	3.000
9282	G	5	16.000
9282	G	6	53.000
9282	G	7	0.000
9282	G	8	1.000
9282	G	9	0.000
9282	T	1	46.000
9282	T	2	3.000
9282	T	3	5.000
9282	T	4	1.000
9282	T	5	17.000
9282	T	6	5.000
9282	T	7	49.000
9282	T	8	49.000
9282	T	9	41.000
9292	A	1	16.000
9292	A	2	16.000
9292	A	3	16.000
9292	A	4	0.000
9292	A	5	1.000
9292	C	1	0.000
9292	C	2	0.000
9292	C	3	0.000
9292	C	4	0.000
9292	C	5	9.000
9292	G	1	0.000
9292	G	2	0.000
9292	G	3	0.000
9292	G	4	16.000
9292	G	5	1.000
9292	T	1	0.000
9292	T	2	0.000
9292	T	3	0.000
9292	T	4	0.000
9292	T	5	5.000
9310	A	1	11.000
9310	A	2	0.000
9310	A	3	24.000
9310	A	4	16.000
9310	A	5	23.000
9310	A	6	17.000
9310	A	7	24.000
9310	A	8	8.000
9310	A	9	14.000
9310	A	10	1.000
9310	A	11	14.000
9310	A	12	25.000
9310	A	13	21.000
9310	A	14	7.000
9310	C	1	14.000
9310	C	2	22.000
9310	C	3	0.000
9310	C	4	2.000
9310	C	5	0.000
9310	C	6	0.000
9310	C	7	1.000
9310	C	8	0.000
9310	C	9	1.000
9310	C	10	1.000
9310	C	11	5.000
9310	C	12	5.000
9310	C	13	2.000
9310	C	14	5.000
9310	G	1	1.000
9310	G	2	0.000
9310	G	3	4.000
9310	G	4	1.000
9310	G	5	0.000
9310	G	6	0.000
9310	G	7	0.000
9310	G	8	1.000
9310	G	9	15.000
9310	G	10	28.000
9310	G	11	1.000
9310	G	12	0.000
9310	G	13	3.000
9310	G	14	8.000
9310	T	1	4.000
9310	T	2	8.000
9310	T	3	2.000
9310	T	4	11.000
9310	T	5	7.000
9310	T	6	13.000
9310	T	7	5.000
9310	T	8	21.000
9310	T	9	0.000
9310	T	10	0.000
9310	T	11	10.000
9310	T	12	0.000
9310	T	13	4.000
9310	T	14	10.000
9324	A	1	15.000
9324	A	2	0.000
9324	A	3	0.000
9324	A	4	35.000
9324	A	5	0.000
9324	A	6	0.000
9324	A	7	0.000
9324	C	1	15.000
9324	C	2	0.000
9324	C	3	0.000
9324	C	4	0.000
9324	C	5	35.000
9324	C	6	0.000
9324	C	7	0.000
9324	G	1	5.000
9324	G	2	0.000
9324	G	3	35.000
9324	G	4	0.000
9324	G	5	0.000
9324	G	6	35.000
9324	G	7	0.000
9324	T	1	0.000
9324	T	2	35.000
9324	T	3	0.000
9324	T	4	0.000
9324	T	5	0.000
9324	T	6	0.000
9324	T	7	35.000
9325	A	1	1.000
9325	A	2	17.000
9325	A	3	0.000
9325	A	4	0.000
9325	A	5	33.000
9325	A	6	0.000
9325	A	7	0.000
9325	A	8	0.000
9325	A	9	0.000
9325	A	10	1.000
9325	A	11	11.000
9325	A	12	1.000
9325	C	1	0.000
9325	C	2	0.000
9325	C	3	0.000
9325	C	4	0.000
9325	C	5	0.000
9325	C	6	33.000
9325	C	7	0.000
9325	C	8	0.000
9325	C	9	1.000
9325	C	10	0.000
9325	C	11	20.000
9325	C	12	32.000
9325	G	1	31.000
9325	G	2	16.000
9325	G	3	0.000
9325	G	4	33.000
9325	G	5	0.000
9325	G	6	0.000
9325	G	7	33.000
9325	G	8	0.000
9325	G	9	32.000
9325	G	10	22.000
9325	G	11	1.000
9325	G	12	0.000
9325	T	1	1.000
9325	T	2	0.000
9325	T	3	33.000
9325	T	4	0.000
9325	T	5	0.000
9325	T	6	0.000
9325	T	7	0.000
9325	T	8	33.000
9325	T	9	0.000
9325	T	10	10.000
9325	T	11	1.000
9325	T	12	0.000
9339	A	1	3.000
9339	A	2	1.000
9339	A	3	30.000
9339	A	4	37.000
9339	A	5	0.000
9339	A	6	2.000
9339	A	7	37.000
9339	A	8	0.000
9339	A	9	0.000
9339	C	1	19.000
9339	C	2	29.000
9339	C	3	6.000
9339	C	4	0.000
9339	C	5	0.000
9339	C	6	5.000
9339	C	7	0.000
9339	C	8	0.000
9339	C	9	0.000
9339	G	1	9.000
9339	G	2	4.000
9339	G	3	0.000
9339	G	4	0.000
9339	G	5	0.000
9339	G	6	10.000
9339	G	7	0.000
9339	G	8	0.000
9339	G	9	0.000
9339	T	1	6.000
9339	T	2	3.000
9339	T	3	1.000
9339	T	4	0.000
9339	T	5	37.000
9339	T	6	20.000
9339	T	7	0.000
9339	T	8	37.000
9339	T	9	37.000
9349	A	1	1.000
9349	A	2	3.000
9349	A	3	1.000
9349	A	4	0.000
9349	A	5	0.000
9349	A	6	2.000
9349	A	7	3.000
9349	A	8	1.000
9349	A	9	8.000
9349	A	10	0.000
9349	A	11	0.000
9349	A	12	2.000
9349	C	1	1.000
9349	C	2	3.000
9349	C	3	2.000
9349	C	4	9.000
9349	C	5	13.000
9349	C	6	11.000
9349	C	7	8.000
9349	C	8	1.000
9349	C	9	5.000
9349	C	10	6.000
9349	C	11	17.000
9349	C	12	0.000
9349	G	1	2.000
9349	G	2	4.000
9349	G	3	9.000
9349	G	4	3.000
9349	G	5	4.000
9349	G	6	4.000
9349	G	7	2.000
9349	G	8	1.000
9349	G	9	1.000
9349	G	10	7.000
9349	G	11	0.000
9349	G	12	18.000
9349	T	1	20.000
9349	T	2	14.000
9349	T	3	12.000
9349	T	4	12.000
9349	T	5	7.000
9349	T	6	7.000
9349	T	7	11.000
9349	T	8	21.000
9349	T	9	10.000
9349	T	10	11.000
9349	T	11	7.000
9349	T	12	4.000
9350	A	1	14.000
9350	A	2	0.000
9350	A	3	14.000
9350	A	4	0.000
9350	A	5	4.000
9350	A	6	1.000
9350	A	7	0.000
9350	A	8	3.000
9350	C	1	1.000
9350	C	2	0.000
9350	C	3	0.000
9350	C	4	0.000
9350	C	5	6.000
9350	C	6	8.000
9350	C	7	0.000
9350	C	8	6.000
9350	G	1	0.000
9350	G	2	15.000
9350	G	3	1.000
9350	G	4	0.000
9350	G	5	0.000
9350	G	6	0.000
9350	G	7	9.000
9350	G	8	4.000
9350	T	1	0.000
9350	T	2	0.000
9350	T	3	0.000
9350	T	4	15.000
9350	T	5	5.000
9350	T	6	6.000
9350	T	7	6.000
9350	T	8	2.000
9352	A	1	0.000
9352	A	2	12.000
9352	A	3	0.000
9352	A	4	0.000
9352	A	5	1.000
9352	A	6	0.000
9352	A	7	5.000
9352	A	8	3.000
9352	A	9	3.000
9352	A	10	4.000
9352	C	1	49.000
9352	C	2	0.000
9352	C	3	20.000
9352	C	4	23.000
9352	C	5	3.000
9352	C	6	45.000
9352	C	7	28.000
9352	C	8	25.000
9352	C	9	31.000
9352	C	10	26.000
9352	G	1	0.000
9352	G	2	37.000
9352	G	3	29.000
9352	G	4	1.000
9352	G	5	45.000
9352	G	6	4.000
9352	G	7	6.000
9352	G	8	11.000
9352	G	9	5.000
9352	G	10	7.000
9352	T	1	0.000
9352	T	2	0.000
9352	T	3	0.000
9352	T	4	25.000
9352	T	5	0.000
9352	T	6	0.000
9352	T	7	10.000
9352	T	8	10.000
9352	T	9	10.000
9352	T	10	12.000
9356	A	1	30.000
9356	A	2	6.000
9356	A	3	1.000
9356	A	4	4.000
9356	A	5	3.000
9356	A	6	0.000
9356	A	7	2.000
9356	A	8	32.000
9356	A	9	4.000
9356	A	10	2.000
9356	C	1	2.000
9356	C	2	19.000
9356	C	3	0.000
9356	C	4	0.000
9356	C	5	33.000
9356	C	6	2.000
9356	C	7	0.000
9356	C	8	7.000
9356	C	9	3.000
9356	C	10	5.000
9356	G	1	8.000
9356	G	2	7.000
9356	G	3	2.000
9356	G	4	4.000
9356	G	5	2.000
9356	G	6	2.000
9356	G	7	1.000
9356	G	8	2.000
9356	G	9	0.000
9356	G	10	14.000
9356	T	1	2.000
9356	T	2	10.000
9356	T	3	39.000
9356	T	4	34.000
9356	T	5	4.000
9356	T	6	38.000
9356	T	7	39.000
9356	T	8	1.000
9356	T	9	35.000
9356	T	10	21.000
9357	A	1	9.000
9357	A	2	1.000
9357	A	3	13.000
9357	A	4	0.000
9357	A	5	0.000
9357	A	6	0.000
9357	A	7	0.000
9357	A	8	0.000
9357	C	1	0.000
9357	C	2	7.000
9357	C	3	0.000
9357	C	4	12.000
9357	C	5	0.000
9357	C	6	0.000
9357	C	7	1.000
9357	C	8	1.000
9357	G	1	0.000
9357	G	2	4.000
9357	G	3	0.000
9357	G	4	0.000
9357	G	5	13.000
9357	G	6	0.000
9357	G	7	12.000
9357	G	8	12.000
9357	T	1	4.000
9357	T	2	1.000
9357	T	3	0.000
9357	T	4	1.000
9357	T	5	0.000
9357	T	6	13.000
9357	T	7	0.000
9357	T	8	0.000
9358	A	1	4.000
9358	A	2	13.000
9358	A	3	0.000
9358	A	4	2.000
9358	A	5	1.000
9358	A	6	0.000
9358	A	7	13.000
9358	C	1	4.000
9358	C	2	0.000
9358	C	3	14.000
9358	C	4	0.000
9358	C	5	0.000
9358	C	6	15.000
9358	C	7	0.000
9358	G	1	0.000
9358	G	2	1.000
9358	G	3	0.000
9358	G	4	13.000
9358	G	5	0.000
9358	G	6	0.000
9358	G	7	1.000
9358	T	1	7.000
9358	T	2	1.000
9358	T	3	1.000
9358	T	4	0.000
9358	T	5	14.000
9358	T	6	0.000
9358	T	7	1.000
