10099	A	1	1.000
10099	A	2	1.000
10099	A	3	1.000
10099	A	4	0.000
10099	A	5	2.000
10099	A	6	9.000
10099	A	7	4.000
10099	A	8	0.000
10099	A	9	0.000
10099	A	10	2.000
10099	A	11	9.000
10099	A	12	4.000
10099	A	13	0.000
10099	A	14	0.000
10099	A	15	0.000
10099	A	16	4.000
10099	A	17	2.000
10099	A	18	1.000
10099	A	19	1.000
10099	C	1	2.000
10099	C	2	3.000
10099	C	3	2.000
10099	C	4	9.000
10099	C	5	0.000
10099	C	6	0.000
10099	C	7	0.000
10099	C	8	9.000
10099	C	9	4.000
10099	C	10	3.000
10099	C	11	0.000
10099	C	12	0.000
10099	C	13	9.000
10099	C	14	0.000
10099	C	15	2.000
10099	C	16	0.000
10099	C	17	4.000
10099	C	18	3.000
10099	C	19	3.000
10099	G	1	2.000
10099	G	2	0.000
10099	G	3	1.000
10099	G	4	0.000
10099	G	5	7.000
10099	G	6	0.000
10099	G	7	5.000
10099	G	8	0.000
10099	G	9	5.000
10099	G	10	4.000
10099	G	11	0.000
10099	G	12	4.000
10099	G	13	0.000
10099	G	14	9.000
10099	G	15	7.000
10099	G	16	0.000
10099	G	17	0.000
10099	G	18	5.000
10099	G	19	2.000
10099	T	1	4.000
10099	T	2	5.000
10099	T	3	5.000
10099	T	4	0.000
10099	T	5	0.000
10099	T	6	0.000
10099	T	7	0.000
10099	T	8	0.000
10099	T	9	0.000
10099	T	10	0.000
10099	T	11	0.000
10099	T	12	1.000
10099	T	13	0.000
10099	T	14	0.000
10099	T	15	0.000
10099	T	16	5.000
10099	T	17	3.000
10099	T	18	0.000
10099	T	19	3.000
10100	A	1	49.000
10100	A	2	0.000
10100	A	3	288.000
10100	A	4	26.000
10100	A	5	77.000
10100	A	6	67.000
10100	A	7	45.000
10100	A	8	50.000
10100	C	1	48.000
10100	C	2	303.000
10100	C	3	0.000
10100	C	4	81.000
10100	C	5	95.000
10100	C	6	118.000
10100	C	7	85.000
10100	C	8	96.000
10100	G	1	69.000
10100	G	2	0.000
10100	G	3	0.000
10100	G	4	116.000
10100	G	5	0.000
10100	G	6	46.000
10100	G	7	73.000
10100	G	8	56.000
10100	T	1	137.000
10100	T	2	0.000
10100	T	3	15.000
10100	T	4	80.000
10100	T	5	131.000
10100	T	6	72.000
10100	T	7	100.000
10100	T	8	101.000
10101	A	1	102.000
10101	A	2	97.000
10101	A	3	50.000
10101	A	4	67.000
10101	A	5	0.000
10101	A	6	2.000
10101	A	7	54.000
10101	A	8	46.000
10101	A	9	1.000
10101	A	10	79.000
10101	A	11	23.000
10101	A	12	0.000
10101	A	13	20.000
10101	A	14	40.000
10101	C	1	40.000
10101	C	2	31.000
10101	C	3	6.000
10101	C	4	1.000
10101	C	5	0.000
10101	C	6	0.000
10101	C	7	170.000
10101	C	8	1.000
10101	C	9	3.000
10101	C	10	0.000
10101	C	11	17.000
10101	C	12	166.000
10101	C	13	86.000
10101	C	14	24.000
10101	G	1	50.000
10101	G	2	112.000
10101	G	3	154.000
10101	G	4	206.000
10101	G	5	274.000
10101	G	6	272.000
10101	G	7	0.000
10101	G	8	224.000
10101	G	9	222.000
10101	G	10	171.000
10101	G	11	192.000
10101	G	12	35.000
10101	G	13	52.000
10101	G	14	109.000
10101	T	1	82.000
10101	T	2	34.000
10101	T	3	64.000
10101	T	4	0.000
10101	T	5	0.000
10101	T	6	0.000
10101	T	7	50.000
10101	T	8	3.000
10101	T	9	48.000
10101	T	10	24.000
10101	T	11	42.000
10101	T	12	73.000
10101	T	13	116.000
10101	T	14	101.000
10102	A	1	56.000
10102	A	2	32.000
10102	A	3	25.000
10102	A	4	102.000
10102	A	5	51.000
10102	A	6	0.000
10102	A	7	0.000
10102	A	8	175.000
10102	A	9	119.000
10102	A	10	17.000
10102	A	11	23.000
10102	A	12	116.000
10102	C	1	55.000
10102	C	2	52.000
10102	C	3	47.000
10102	C	4	1.000
10102	C	5	6.000
10102	C	6	173.000
10102	C	7	174.000
10102	C	8	0.000
10102	C	9	8.000
10102	C	10	0.000
10102	C	11	90.000
10102	C	12	6.000
10102	G	1	12.000
10102	G	2	43.000
10102	G	3	24.000
10102	G	4	70.000
10102	G	5	99.000
10102	G	6	1.000
10102	G	7	0.000
10102	G	8	0.000
10102	G	9	21.000
10102	G	10	15.000
10102	G	11	59.000
10102	G	12	52.000
10102	T	1	52.000
10102	T	2	48.000
10102	T	3	79.000
10102	T	4	2.000
10102	T	5	19.000
10102	T	6	1.000
10102	T	7	1.000
10102	T	8	0.000
10102	T	9	27.000
10102	T	10	143.000
10102	T	11	3.000
10102	T	12	1.000
10103	A	1	24.000
10103	A	2	36.000
10103	A	3	41.000
10103	A	4	2.000
10103	A	5	43.000
10103	A	6	7.000
10103	A	7	16.000
10103	A	8	15.000
10103	A	9	19.000
10103	C	1	18.000
10103	C	2	21.000
10103	C	3	3.000
10103	C	4	30.000
10103	C	5	2.000
10103	C	6	30.000
10103	C	7	31.000
10103	C	8	21.000
10103	C	9	22.000
10103	G	1	30.000
10103	G	2	6.000
10103	G	3	28.000
10103	G	4	47.000
10103	G	5	1.000
10103	G	6	4.000
10103	G	7	35.000
10103	G	8	11.000
10103	G	9	17.000
10103	T	1	10.000
10103	T	2	19.000
10103	T	3	10.000
10103	T	4	3.000
10103	T	5	36.000
10103	T	6	41.000
10103	T	7	0.000
10103	T	8	35.000
10103	T	9	24.000
10104	A	1	12.000
10104	A	2	3.000
10104	A	3	1.000
10104	A	4	6.000
10104	A	5	4.000
10104	A	6	0.000
10104	A	7	0.000
10104	A	8	1.000
10104	C	1	7.000
10104	C	2	8.000
10104	C	3	14.000
10104	C	4	4.000
10104	C	5	15.000
10104	C	6	0.000
10104	C	7	20.000
10104	C	8	18.000
10104	G	1	2.000
10104	G	2	11.000
10104	G	3	7.000
10104	G	4	12.000
10104	G	5	2.000
10104	G	6	22.000
10104	G	7	1.000
10104	G	8	1.000
10104	T	1	1.000
10104	T	2	0.000
10104	T	3	0.000
10104	T	4	0.000
10104	T	5	1.000
10104	T	6	0.000
10104	T	7	1.000
10104	T	8	2.000
10105	A	1	10.000
10105	A	2	5.000
10105	A	3	10.000
10105	A	4	3.000
10105	A	5	4.000
10105	A	6	2.000
10105	A	7	6.000
10105	C	1	4.000
10105	C	2	8.000
10105	C	3	6.000
10105	C	4	6.000
10105	C	5	8.000
10105	C	6	6.000
10105	C	7	9.000
10105	G	1	19.000
10105	G	2	8.000
10105	G	3	11.000
10105	G	4	15.000
10105	G	5	15.000
10105	G	6	13.000
10105	G	7	10.000
10105	T	1	8.000
10105	T	2	20.000
10105	T	3	14.000
10105	T	4	17.000
10105	T	5	14.000
10105	T	6	20.000
10105	T	7	16.000
10106	A	1	18.000
10106	A	2	4.000
10106	A	3	3.000
10106	A	4	4.000
10106	A	5	2.000
10106	A	6	22.000
10106	C	1	19.000
10106	C	2	93.000
10106	C	3	12.000
10106	C	4	12.000
10106	C	5	93.000
10106	C	6	34.000
10106	G	1	46.000
10106	G	2	6.000
10106	G	3	8.000
10106	G	4	20.000
10106	G	5	7.000
10106	G	6	27.000
10106	T	1	25.000
10106	T	2	5.000
10106	T	3	85.000
10106	T	4	72.000
10106	T	5	6.000
10106	T	6	25.000
10107	A	1	16.000
10107	A	2	3.000
10107	A	3	6.000
10107	A	4	2.000
10107	A	5	14.000
10107	A	6	16.000
10107	C	1	34.000
10107	C	2	100.000
10107	C	3	5.000
10107	C	4	11.000
10107	C	5	21.000
10107	C	6	28.000
10107	G	1	43.000
10107	G	2	3.000
10107	G	3	13.000
10107	G	4	90.000
10107	G	5	13.000
10107	G	6	45.000
10107	T	1	15.000
10107	T	2	2.000
10107	T	3	84.000
10107	T	4	5.000
10107	T	5	60.000
10107	T	6	19.000
10108	A	1	17.000
10108	A	2	108.000
10108	A	3	0.000
10108	A	4	0.000
10108	A	5	20.000
10108	C	1	43.000
10108	C	2	0.000
10108	C	3	0.000
10108	C	4	108.000
10108	C	5	36.000
10108	G	1	35.000
10108	G	2	0.000
10108	G	3	108.000
10108	G	4	0.000
10108	G	5	29.000
10108	T	1	13.000
10108	T	2	0.000
10108	T	3	0.000
10108	T	4	0.000
10108	T	5	23.000
10109	A	1	0.000
10109	A	2	0.000
10109	A	3	0.000
10109	A	4	0.000
10109	A	5	0.000
10109	A	6	0.000
10109	A	7	3.000
10109	A	8	21.000
10109	A	9	0.000
10109	A	10	2.000
10109	C	1	0.000
10109	C	2	6.000
10109	C	3	0.000
10109	C	4	19.000
10109	C	5	0.000
10109	C	6	0.000
10109	C	7	0.000
10109	C	8	0.000
10109	C	9	14.000
10109	C	10	19.000
10109	G	1	21.000
10109	G	2	15.000
10109	G	3	21.000
10109	G	4	0.000
10109	G	5	21.000
10109	G	6	21.000
10109	G	7	18.000
10109	G	8	0.000
10109	G	9	7.000
10109	G	10	0.000
10109	T	1	0.000
10109	T	2	0.000
10109	T	3	0.000
10109	T	4	2.000
10109	T	5	0.000
10109	T	6	0.000
10109	T	7	0.000
10109	T	8	0.000
10109	T	9	0.000
10109	T	10	0.000
10110	A	1	61.000
10110	A	2	16.000
10110	A	3	352.000
10110	A	4	3.000
10110	A	5	354.000
10110	A	6	268.000
10110	A	7	360.000
10110	A	8	222.000
10110	A	9	155.000
10110	A	10	56.000
10110	A	11	83.000
10110	A	12	82.000
10110	A	13	82.000
10110	A	14	68.000
10110	A	15	77.000
10110	C	1	145.000
10110	C	2	46.000
10110	C	3	0.000
10110	C	4	10.000
10110	C	5	0.000
10110	C	6	0.000
10110	C	7	3.000
10110	C	8	2.000
10110	C	9	44.000
10110	C	10	135.000
10110	C	11	147.000
10110	C	12	127.000
10110	C	13	118.000
10110	C	14	107.000
10110	C	15	101.000
10110	G	1	152.000
10110	G	2	18.000
10110	G	3	2.000
10110	G	4	2.000
10110	G	5	5.000
10110	G	6	0.000
10110	G	7	10.000
10110	G	8	44.000
10110	G	9	157.000
10110	G	10	150.000
10110	G	11	128.000
10110	G	12	128.000
10110	G	13	128.000
10110	G	14	139.000
10110	G	15	140.000
10110	T	1	31.000
10110	T	2	309.000
10110	T	3	35.000
10110	T	4	374.000
10110	T	5	30.000
10110	T	6	121.000
10110	T	7	6.000
10110	T	8	121.000
10110	T	9	33.000
10110	T	10	48.000
10110	T	11	31.000
10110	T	12	52.000
10110	T	13	61.000
10110	T	14	75.000
10110	T	15	71.000
10111	A	1	0.000
10111	A	2	0.000
10111	A	3	0.000
10111	A	4	0.000
10111	A	5	0.000
10111	A	6	0.000
10111	C	1	0.000
10111	C	2	14.000
10111	C	3	0.000
10111	C	4	14.000
10111	C	5	14.000
10111	C	6	5.000
10111	G	1	14.000
10111	G	2	0.000
10111	G	3	0.000
10111	G	4	0.000
10111	G	5	0.000
10111	G	6	9.000
10111	T	1	0.000
10111	T	2	0.000
10111	T	3	14.000
10111	T	4	0.000
10111	T	5	0.000
10111	T	6	0.000
