10507	A	1	32.000
10507	A	2	25.000
10507	A	3	22.000
10507	A	4	24.000
10507	A	5	73.000
10507	A	6	20.000
10507	A	7	2.000
10507	A	8	94.000
10507	A	9	1.000
10507	A	10	4.000
10507	A	11	2.000
10507	A	12	1.000
10507	A	13	60.000
10507	A	14	14.000
10507	A	15	18.000
10507	A	16	21.000
10507	C	1	15.000
10507	C	2	31.000
10507	C	3	27.000
10507	C	4	14.000
10507	C	5	7.000
10507	C	6	7.000
10507	C	7	94.000
10507	C	8	1.000
10507	C	9	4.000
10507	C	10	88.000
10507	C	11	6.000
10507	C	12	1.000
10507	C	13	2.000
10507	C	14	20.000
10507	C	15	41.000
10507	C	16	16.000
10507	G	1	18.000
10507	G	2	12.000
10507	G	3	19.000
10507	G	4	40.000
10507	G	5	16.000
10507	G	6	1.000
10507	G	7	1.000
10507	G	8	1.000
10507	G	9	90.000
10507	G	10	5.000
10507	G	11	1.000
10507	G	12	93.000
10507	G	13	12.000
10507	G	14	20.000
10507	G	15	26.000
10507	G	16	34.000
10507	T	1	34.000
10507	T	2	31.000
10507	T	3	30.000
10507	T	4	20.000
10507	T	5	2.000
10507	T	6	70.000
10507	T	7	1.000
10507	T	8	2.000
10507	T	9	3.000
10507	T	10	1.000
10507	T	11	89.000
10507	T	12	4.000
10507	T	13	24.000
10507	T	14	44.000
10507	T	15	13.000
10507	T	16	28.000
10508	A	1	32.000
10508	A	2	32.000
10508	A	3	17.000
10508	A	4	49.000
10508	A	5	44.000
10508	A	6	0.000
10508	A	7	98.000
10508	A	8	0.000
10508	A	9	0.000
10508	A	10	0.000
10508	A	11	0.000
10508	A	12	0.000
10508	A	13	5.000
10508	A	14	35.000
10508	A	15	42.000
10508	A	16	21.000
10508	A	17	22.000
10508	C	1	28.000
10508	C	2	13.000
10508	C	3	18.000
10508	C	4	6.000
10508	C	5	41.000
10508	C	6	98.000
10508	C	7	0.000
10508	C	8	84.000
10508	C	9	98.000
10508	C	10	0.000
10508	C	11	0.000
10508	C	12	84.000
10508	C	13	24.000
10508	C	14	22.000
10508	C	15	21.000
10508	C	16	25.000
10508	C	17	33.000
10508	G	1	23.000
10508	G	2	36.000
10508	G	3	24.000
10508	G	4	29.000
10508	G	5	12.000
10508	G	6	0.000
10508	G	7	0.000
10508	G	8	2.000
10508	G	9	0.000
10508	G	10	0.000
10508	G	11	98.000
10508	G	12	3.000
10508	G	13	7.000
10508	G	14	19.000
10508	G	15	21.000
10508	G	16	12.000
10508	G	17	14.000
10508	T	1	15.000
10508	T	2	17.000
10508	T	3	39.000
10508	T	4	14.000
10508	T	5	0.000
10508	T	6	0.000
10508	T	7	0.000
10508	T	8	12.000
10508	T	9	0.000
10508	T	10	98.000
10508	T	11	0.000
10508	T	12	11.000
10508	T	13	61.000
10508	T	14	22.000
10508	T	15	14.000
10508	T	16	39.000
10508	T	17	29.000
10509	A	1	33.000
10509	A	2	16.000
10509	A	3	23.000
10509	A	4	66.000
10509	A	5	72.000
10509	A	6	6.000
10509	A	7	94.000
10509	A	8	1.000
10509	A	9	19.000
10509	A	10	4.000
10509	A	11	3.000
10509	A	12	2.000
10509	A	13	7.000
10509	A	14	22.000
10509	A	15	36.000
10509	A	16	40.000
10509	C	1	32.000
10509	C	2	26.000
10509	C	3	12.000
10509	C	4	18.000
10509	C	5	18.000
10509	C	6	87.000
10509	C	7	1.000
10509	C	8	3.000
10509	C	9	75.000
10509	C	10	0.000
10509	C	11	1.000
10509	C	12	9.000
10509	C	13	49.000
10509	C	14	29.000
10509	C	15	21.000
10509	C	16	16.000
10509	G	1	12.000
10509	G	2	38.000
10509	G	3	34.000
10509	G	4	7.000
10509	G	5	5.000
10509	G	6	2.000
10509	G	7	1.000
10509	G	8	60.000
10509	G	9	2.000
10509	G	10	1.000
10509	G	11	90.000
10509	G	12	11.000
10509	G	13	18.000
10509	G	14	11.000
10509	G	15	18.000
10509	G	16	19.000
10509	T	1	21.000
10509	T	2	18.000
10509	T	3	29.000
10509	T	4	7.000
10509	T	5	3.000
10509	T	6	3.000
10509	T	7	2.000
10509	T	8	34.000
10509	T	9	1.000
10509	T	10	93.000
10509	T	11	4.000
10509	T	12	77.000
10509	T	13	24.000
10509	T	14	36.000
10509	T	15	24.000
10509	T	16	23.000
10510	A	1	43.000
10510	A	2	13.000
10510	A	3	33.000
10510	A	4	1.000
10510	A	5	23.000
10510	A	6	0.000
10510	A	7	16.000
10510	A	8	0.000
10510	A	9	0.000
10510	A	10	0.000
10510	A	11	0.000
10510	A	12	0.000
10510	A	13	7.000
10510	A	14	39.000
10510	A	15	26.000
10510	C	1	14.000
10510	C	2	17.000
10510	C	3	9.000
10510	C	4	94.000
10510	C	5	5.000
10510	C	6	91.000
10510	C	7	0.000
10510	C	8	0.000
10510	C	9	0.000
10510	C	10	0.000
10510	C	11	94.000
10510	C	12	86.000
10510	C	13	61.000
10510	C	14	19.000
10510	C	15	17.000
10510	G	1	25.000
10510	G	2	30.000
10510	G	3	51.000
10510	G	4	1.000
10510	G	5	65.000
10510	G	6	0.000
10510	G	7	83.000
10510	G	8	0.000
10510	G	9	98.000
10510	G	10	5.000
10510	G	11	0.000
10510	G	12	1.000
10510	G	13	12.000
10510	G	14	14.000
10510	G	15	28.000
10510	T	1	16.000
10510	T	2	38.000
10510	T	3	4.000
10510	T	4	1.000
10510	T	5	5.000
10510	T	6	7.000
10510	T	7	0.000
10510	T	8	98.000
10510	T	9	0.000
10510	T	10	93.000
10510	T	11	4.000
10510	T	12	10.000
10510	T	13	19.000
10510	T	14	26.000
10510	T	15	27.000
10511	A	1	38.000
10511	A	2	21.000
10511	A	3	36.000
10511	A	4	61.000
10511	A	5	5.000
10511	A	6	0.000
10511	A	7	94.000
10511	A	8	0.000
10511	A	9	13.000
10511	A	10	2.000
10511	A	11	1.000
10511	A	12	83.000
10511	A	13	0.000
10511	A	14	36.000
10511	A	15	38.000
10511	A	16	28.000
10511	A	17	21.000
10511	C	1	18.000
10511	C	2	24.000
10511	C	3	11.000
10511	C	4	4.000
10511	C	5	6.000
10511	C	6	96.000
10511	C	7	1.000
10511	C	8	85.000
10511	C	9	0.000
10511	C	10	1.000
10511	C	11	0.000
10511	C	12	4.000
10511	C	13	63.000
10511	C	14	21.000
10511	C	15	19.000
10511	C	16	10.000
10511	C	17	25.000
10511	G	1	16.000
10511	G	2	30.000
10511	G	3	20.000
10511	G	4	23.000
10511	G	5	4.000
10511	G	6	0.000
10511	G	7	1.000
10511	G	8	0.000
10511	G	9	85.000
10511	G	10	1.000
10511	G	11	96.000
10511	G	12	6.000
10511	G	13	0.000
10511	G	14	14.000
10511	G	15	18.000
10511	G	16	22.000
10511	G	17	24.000
10511	T	1	26.000
10511	T	2	22.000
10511	T	3	31.000
10511	T	4	10.000
10511	T	5	83.000
10511	T	6	1.000
10511	T	7	2.000
10511	T	8	13.000
10511	T	9	0.000
10511	T	10	94.000
10511	T	11	0.000
10511	T	12	5.000
10511	T	13	34.000
10511	T	14	26.000
10511	T	15	23.000
10511	T	16	39.000
10511	T	17	29.000
10512	A	1	28.000
10512	A	2	39.000
10512	A	3	24.000
10512	A	4	47.000
10512	A	5	64.000
10512	A	6	1.000
10512	A	7	97.000
10512	A	8	0.000
10512	A	9	19.000
10512	A	10	0.000
10512	A	11	0.000
10512	A	12	0.000
10512	A	13	5.000
10512	A	14	24.000
10512	A	15	22.000
10512	A	16	21.000
10512	C	1	28.000
10512	C	2	29.000
10512	C	3	15.000
10512	C	4	23.000
10512	C	5	28.000
10512	C	6	98.000
10512	C	7	0.000
10512	C	8	16.000
10512	C	9	63.000
10512	C	10	1.000
10512	C	11	0.000
10512	C	12	6.000
10512	C	13	38.000
10512	C	14	35.000
10512	C	15	24.000
10512	C	16	33.000
10512	G	1	17.000
10512	G	2	18.000
10512	G	3	35.000
10512	G	4	22.000
10512	G	5	6.000
10512	G	6	0.000
10512	G	7	1.000
10512	G	8	63.000
10512	G	9	16.000
10512	G	10	0.000
10512	G	11	98.000
10512	G	12	28.000
10512	G	13	7.000
10512	G	14	17.000
10512	G	15	15.000
10512	G	16	24.000
10512	T	1	26.000
10512	T	2	12.000
10512	T	3	23.000
10512	T	4	7.000
10512	T	5	0.000
10512	T	6	0.000
10512	T	7	0.000
10512	T	8	19.000
10512	T	9	0.000
10512	T	10	97.000
10512	T	11	1.000
10512	T	12	64.000
10512	T	13	48.000
10512	T	14	22.000
10512	T	15	37.000
10512	T	16	19.000
10513	A	1	17.000
10513	A	2	28.000
10513	A	3	25.000
10513	A	4	67.000
10513	A	5	27.000
10513	A	6	3.000
10513	A	7	97.000
10513	A	8	0.000
10513	A	9	4.000
10513	A	10	1.000
10513	A	11	0.000
10513	A	12	2.000
10513	A	13	13.000
10513	A	14	13.000
10513	A	15	25.000
10513	A	16	31.000
10513	C	1	32.000
10513	C	2	19.000
10513	C	3	14.000
10513	C	4	8.000
10513	C	5	60.000
10513	C	6	95.000
10513	C	7	0.000
10513	C	8	95.000
10513	C	9	0.000
10513	C	10	1.000
10513	C	11	0.000
10513	C	12	9.000
10513	C	13	22.000
10513	C	14	38.000
10513	C	15	27.000
10513	C	16	10.000
10513	G	1	19.000
10513	G	2	29.000
10513	G	3	30.000
10513	G	4	16.000
10513	G	5	9.000
10513	G	6	0.000
10513	G	7	1.000
10513	G	8	0.000
10513	G	9	95.000
10513	G	10	0.000
10513	G	11	95.000
10513	G	12	60.000
10513	G	13	9.000
10513	G	14	14.000
10513	G	15	21.000
10513	G	16	36.000
10513	T	1	30.000
10513	T	2	22.000
10513	T	3	29.000
10513	T	4	7.000
10513	T	5	2.000
10513	T	6	0.000
10513	T	7	1.000
10513	T	8	4.000
10513	T	9	0.000
10513	T	10	97.000
10513	T	11	3.000
10513	T	12	27.000
10513	T	13	54.000
10513	T	14	32.000
10513	T	15	24.000
10513	T	16	21.000
10514	A	1	22.000
10514	A	2	28.000
10514	A	3	33.000
10514	A	4	26.000
10514	A	5	5.000
10514	A	6	82.000
10514	A	7	2.000
10514	A	8	3.000
10514	A	9	0.000
10514	A	10	46.000
10514	A	11	1.000
10514	A	12	3.000
10514	A	13	2.000
10514	A	14	5.000
10514	A	15	30.000
10514	A	16	30.000
10514	A	17	41.000
10514	C	1	29.000
10514	C	2	15.000
10514	C	3	10.000
10514	C	4	31.000
10514	C	5	54.000
10514	C	6	0.000
10514	C	7	92.000
10514	C	8	0.000
10514	C	9	85.000
10514	C	10	0.000
10514	C	11	1.000
10514	C	12	1.000
10514	C	13	1.000
10514	C	14	47.000
10514	C	15	32.000
10514	C	16	23.000
10514	C	17	10.000
10514	G	1	23.000
10514	G	2	18.000
10514	G	3	38.000
10514	G	4	10.000
10514	G	5	13.000
10514	G	6	15.000
10514	G	7	0.000
10514	G	8	95.000
10514	G	9	0.000
10514	G	10	52.000
10514	G	11	0.000
10514	G	12	93.000
10514	G	13	49.000
10514	G	14	4.000
10514	G	15	11.000
10514	G	16	17.000
10514	G	17	23.000
10514	T	1	24.000
10514	T	2	36.000
10514	T	3	17.000
10514	T	4	31.000
10514	T	5	27.000
10514	T	6	1.000
10514	T	7	4.000
10514	T	8	0.000
10514	T	9	13.000
10514	T	10	0.000
10514	T	11	97.000
10514	T	12	1.000
10514	T	13	46.000
10514	T	14	41.000
10514	T	15	26.000
10514	T	16	28.000
10514	T	17	23.000
10515	A	1	23.000
10515	A	2	41.000
10515	A	3	29.000
10515	A	4	18.000
10515	A	5	42.000
10515	A	6	0.000
10515	A	7	82.000
10515	A	8	0.000
10515	A	9	2.000
10515	A	10	1.000
10515	A	11	0.000
10515	A	12	1.000
10515	A	13	5.000
10515	A	14	24.000
10515	A	15	32.000
10515	A	16	34.000
10515	A	17	30.000
10515	C	1	23.000
10515	C	2	14.000
10515	C	3	20.000
10515	C	4	7.000
10515	C	5	1.000
10515	C	6	95.000
10515	C	7	1.000
10515	C	8	97.000
10515	C	9	0.000
10515	C	10	3.000
10515	C	11	0.000
10515	C	12	19.000
10515	C	13	67.000
10515	C	14	31.000
10515	C	15	18.000
10515	C	16	22.000
10515	C	17	9.000
10515	G	1	24.000
10515	G	2	22.000
10515	G	3	19.000
10515	G	4	53.000
10515	G	5	55.000
10515	G	6	0.000
10515	G	7	11.000
10515	G	8	0.000
10515	G	9	95.000
10515	G	10	0.000
10515	G	11	97.000
10515	G	12	2.000
10515	G	13	3.000
10515	G	14	17.000
10515	G	15	17.000
10515	G	16	21.000
10515	G	17	20.000
10515	T	1	29.000
10515	T	2	21.000
10515	T	3	30.000
10515	T	4	20.000
10515	T	5	0.000
10515	T	6	2.000
10515	T	7	4.000
10515	T	8	1.000
10515	T	9	0.000
10515	T	10	94.000
10515	T	11	1.000
10515	T	12	75.000
10515	T	13	23.000
10515	T	14	25.000
10515	T	15	31.000
10515	T	16	20.000
10515	T	17	39.000
10516	A	1	21.000
10516	A	2	23.000
10516	A	3	17.000
10516	A	4	53.000
10516	A	5	56.000
10516	A	6	3.000
10516	A	7	94.000
10516	A	8	1.000
10516	A	9	10.000
10516	A	10	3.000
10516	A	11	2.000
10516	A	12	2.000
10516	A	13	8.000
10516	A	14	40.000
10516	A	15	25.000
10516	A	16	26.000
10516	C	1	12.000
10516	C	2	23.000
10516	C	3	10.000
10516	C	4	12.000
10516	C	5	32.000
10516	C	6	93.000
10516	C	7	1.000
10516	C	8	9.000
10516	C	9	51.000
10516	C	10	2.000
10516	C	11	1.000
10516	C	12	6.000
10516	C	13	38.000
10516	C	14	39.000
10516	C	15	32.000
10516	C	16	25.000
10516	G	1	31.000
10516	G	2	24.000
10516	G	3	23.000
10516	G	4	25.000
10516	G	5	8.000
10516	G	6	1.000
10516	G	7	2.000
10516	G	8	63.000
10516	G	9	36.000
10516	G	10	0.000
10516	G	11	92.000
10516	G	12	33.000
10516	G	13	14.000
10516	G	14	7.000
10516	G	15	17.000
10516	G	16	23.000
10516	T	1	33.000
10516	T	2	27.000
10516	T	3	47.000
10516	T	4	8.000
10516	T	5	3.000
10516	T	6	1.000
10516	T	7	1.000
10516	T	8	25.000
10516	T	9	0.000
10516	T	10	92.000
10516	T	11	4.000
10516	T	12	57.000
10516	T	13	39.000
10516	T	14	12.000
10516	T	15	24.000
10516	T	16	24.000
10517	A	1	44.000
10517	A	2	53.000
10517	A	3	28.000
10517	A	4	53.000
10517	A	5	22.000
10517	A	6	0.000
10517	A	7	98.000
10517	A	8	0.000
10517	A	9	0.000
10517	A	10	0.000
10517	A	11	0.000
10517	A	12	0.000
10517	A	13	8.000
10517	A	14	25.000
10517	A	15	36.000
10517	A	16	24.000
10517	A	17	16.000
10517	C	1	23.000
10517	C	2	8.000
10517	C	3	9.000
10517	C	4	0.000
10517	C	5	29.000
10517	C	6	98.000
10517	C	7	0.000
10517	C	8	92.000
10517	C	9	99.000
10517	C	10	0.000
10517	C	11	0.000
10517	C	12	69.000
10517	C	13	17.000
10517	C	14	28.000
10517	C	15	18.000
10517	C	16	23.000
10517	C	17	30.000
10517	G	1	18.000
10517	G	2	26.000
10517	G	3	7.000
10517	G	4	1.000
10517	G	5	18.000
10517	G	6	0.000
10517	G	7	0.000
10517	G	8	5.000
10517	G	9	0.000
10517	G	10	0.000
10517	G	11	98.000
10517	G	12	4.000
10517	G	13	6.000
10517	G	14	19.000
10517	G	15	23.000
10517	G	16	18.000
10517	G	17	21.000
10517	T	1	13.000
10517	T	2	11.000
10517	T	3	54.000
10517	T	4	43.000
10517	T	5	28.000
10517	T	6	0.000
10517	T	7	0.000
10517	T	8	2.000
10517	T	9	0.000
10517	T	10	99.000
10517	T	11	0.000
10517	T	12	25.000
10517	T	13	67.000
10517	T	14	27.000
10517	T	15	21.000
10517	T	16	33.000
10517	T	17	31.000
10518	A	1	33.000
10518	A	2	14.000
10518	A	3	39.000
10518	A	4	63.000
10518	A	5	77.000
10518	A	6	2.000
10518	A	7	96.000
10518	A	8	0.000
10518	A	9	35.000
10518	A	10	1.000
10518	A	11	0.000
10518	A	12	1.000
10518	A	13	13.000
10518	A	14	28.000
10518	A	15	14.000
10518	A	16	28.000
10518	C	1	21.000
10518	C	2	30.000
10518	C	3	28.000
10518	C	4	16.000
10518	C	5	16.000
10518	C	6	95.000
10518	C	7	1.000
10518	C	8	6.000
10518	C	9	57.000
10518	C	10	1.000
10518	C	11	1.000
10518	C	12	2.000
10518	C	13	21.000
10518	C	14	19.000
10518	C	15	18.000
10518	C	16	39.000
10518	G	1	22.000
10518	G	2	22.000
10518	G	3	17.000
10518	G	4	11.000
10518	G	5	4.000
10518	G	6	0.000
10518	G	7	1.000
10518	G	8	5.000
10518	G	9	6.000
10518	G	10	0.000
10518	G	11	95.000
10518	G	12	77.000
10518	G	13	8.000
10518	G	14	23.000
10518	G	15	25.000
10518	G	16	13.000
10518	T	1	22.000
10518	T	2	32.000
10518	T	3	13.000
10518	T	4	8.000
10518	T	5	1.000
10518	T	6	1.000
10518	T	7	1.000
10518	T	8	87.000
10518	T	9	0.000
10518	T	10	95.000
10518	T	11	2.000
10518	T	12	18.000
10518	T	13	56.000
10518	T	14	28.000
10518	T	15	41.000
10518	T	16	18.000
10519	A	1	32.000
10519	A	2	25.000
10519	A	3	46.000
10519	A	4	21.000
10519	A	5	1.000
10519	A	6	94.000
10519	A	7	0.000
10519	A	8	5.000
10519	A	9	1.000
10519	A	10	0.000
10519	A	11	5.000
10519	A	12	9.000
10519	A	13	13.000
10519	A	14	16.000
10519	A	15	29.000
10519	A	16	7.000
10519	C	1	15.000
10519	C	2	22.000
10519	C	3	40.000
10519	C	4	38.000
10519	C	5	95.000
10519	C	6	0.000
10519	C	7	38.000
10519	C	8	78.000
10519	C	9	1.000
10519	C	10	1.000
10519	C	11	26.000
10519	C	12	3.000
10519	C	13	40.000
10519	C	14	55.000
10519	C	15	50.000
10519	C	16	12.000
10519	G	1	35.000
10519	G	2	33.000
10519	G	3	6.000
10519	G	4	34.000
10519	G	5	0.000
10519	G	6	0.000
10519	G	7	54.000
10519	G	8	13.000
10519	G	9	1.000
10519	G	10	95.000
10519	G	11	42.000
10519	G	12	71.000
10519	G	13	24.000
10519	G	14	12.000
10519	G	15	12.000
10519	G	16	19.000
10519	T	1	16.000
10519	T	2	18.000
10519	T	3	6.000
10519	T	4	5.000
10519	T	5	1.000
10519	T	6	4.000
10519	T	7	6.000
10519	T	8	1.000
10519	T	9	96.000
10519	T	10	2.000
10519	T	11	25.000
10519	T	12	15.000
10519	T	13	21.000
10519	T	14	15.000
10519	T	15	6.000
10519	T	16	60.000
10520	A	1	16.000
10520	A	2	30.000
10520	A	3	28.000
10520	A	4	45.000
10520	A	5	7.000
10520	A	6	0.000
10520	A	7	98.000
10520	A	8	0.000
10520	A	9	2.000
10520	A	10	0.000
10520	A	11	0.000
10520	A	12	10.000
10520	A	13	11.000
10520	A	14	45.000
10520	A	15	32.000
10520	A	16	19.000
10520	C	1	22.000
10520	C	2	18.000
10520	C	3	11.000
10520	C	4	12.000
10520	C	5	42.000
10520	C	6	98.000
10520	C	7	0.000
10520	C	8	96.000
10520	C	9	0.000
10520	C	10	1.000
10520	C	11	0.000
10520	C	12	42.000
10520	C	13	19.000
10520	C	14	18.000
10520	C	15	19.000
10520	C	16	29.000
10520	G	1	15.000
10520	G	2	23.000
10520	G	3	27.000
10520	G	4	23.000
10520	G	5	42.000
10520	G	6	0.000
10520	G	7	0.000
10520	G	8	0.000
10520	G	9	97.000
10520	G	10	0.000
10520	G	11	98.000
10520	G	12	41.000
10520	G	13	32.000
10520	G	14	18.000
10520	G	15	17.000
10520	G	16	25.000
10520	T	1	45.000
10520	T	2	27.000
10520	T	3	33.000
10520	T	4	17.000
10520	T	5	7.000
10520	T	6	0.000
10520	T	7	1.000
10520	T	8	3.000
10520	T	9	0.000
10520	T	10	98.000
10520	T	11	0.000
10520	T	12	5.000
10520	T	13	36.000
10520	T	14	17.000
10520	T	15	30.000
10520	T	16	25.000
10521	A	1	23.000
10521	A	2	20.000
10521	A	3	56.000
10521	A	4	63.000
10521	A	5	1.000
10521	A	6	97.000
10521	A	7	0.000
10521	A	8	2.000
10521	A	9	0.000
10521	A	10	0.000
10521	A	11	0.000
10521	A	12	2.000
10521	A	13	34.000
10521	A	14	34.000
10521	A	15	28.000
10521	A	16	49.000
10521	C	1	25.000
10521	C	2	19.000
10521	C	3	11.000
10521	C	4	15.000
10521	C	5	96.000
10521	C	6	0.000
10521	C	7	41.000
10521	C	8	95.000
10521	C	9	0.000
10521	C	10	0.000
10521	C	11	14.000
10521	C	12	72.000
10521	C	13	27.000
10521	C	14	25.000
10521	C	15	15.000
10521	C	16	16.000
10521	G	1	24.000
10521	G	2	25.000
10521	G	3	17.000
10521	G	4	19.000
10521	G	5	0.000
10521	G	6	0.000
10521	G	7	32.000
10521	G	8	1.000
10521	G	9	0.000
10521	G	10	97.000
10521	G	11	8.000
10521	G	12	2.000
10521	G	13	27.000
10521	G	14	21.000
10521	G	15	27.000
10521	G	16	13.000
10521	T	1	26.000
10521	T	2	34.000
10521	T	3	14.000
10521	T	4	2.000
10521	T	5	0.000
10521	T	6	1.000
10521	T	7	25.000
10521	T	8	0.000
10521	T	9	97.000
10521	T	10	1.000
10521	T	11	76.000
10521	T	12	22.000
10521	T	13	10.000
10521	T	14	18.000
10521	T	15	28.000
10521	T	16	21.000
10522	A	1	34.000
10522	A	2	26.000
10522	A	3	51.000
10522	A	4	34.000
10522	A	5	22.000
10522	A	6	22.000
10522	A	7	0.000
10522	A	8	96.000
10522	A	9	0.000
10522	A	10	1.000
10522	A	11	0.000
10522	A	12	0.000
10522	A	13	0.000
10522	A	14	21.000
10522	A	15	30.000
10522	A	16	33.000
10522	A	17	49.000
10522	C	1	13.000
10522	C	2	31.000
10522	C	3	17.000
10522	C	4	22.000
10522	C	5	3.000
10522	C	6	7.000
10522	C	7	97.000
10522	C	8	0.000
10522	C	9	96.000
10522	C	10	0.000
10522	C	11	2.000
10522	C	12	0.000
10522	C	13	45.000
10522	C	14	47.000
10522	C	15	19.000
10522	C	16	7.000
10522	C	17	13.000
10522	G	1	15.000
10522	G	2	22.000
10522	G	3	10.000
10522	G	4	15.000
10522	G	5	67.000
10522	G	6	68.000
10522	G	7	0.000
10522	G	8	2.000
10522	G	9	0.000
10522	G	10	97.000
10522	G	11	1.000
10522	G	12	97.000
10522	G	13	9.000
10522	G	14	10.000
10522	G	15	16.000
10522	G	16	20.000
10522	G	17	14.000
10522	T	1	36.000
10522	T	2	19.000
10522	T	3	20.000
10522	T	4	27.000
10522	T	5	6.000
10522	T	6	1.000
10522	T	7	0.000
10522	T	8	0.000
10522	T	9	2.000
10522	T	10	0.000
10522	T	11	95.000
10522	T	12	0.000
10522	T	13	44.000
10522	T	14	21.000
10522	T	15	33.000
10522	T	16	38.000
10522	T	17	22.000
10523	A	1	21.000
10523	A	2	24.000
10523	A	3	20.000
10523	A	4	16.000
10523	A	5	74.000
10523	A	6	81.000
10523	A	7	0.000
10523	A	8	99.000
10523	A	9	0.000
10523	A	10	1.000
10523	A	11	0.000
10523	A	12	0.000
10523	A	13	1.000
10523	A	14	11.000
10523	A	15	21.000
10523	A	16	16.000
10523	A	17	33.000
10523	C	1	32.000
10523	C	2	30.000
10523	C	3	15.000
10523	C	4	24.000
10523	C	5	13.000
10523	C	6	8.000
10523	C	7	99.000
10523	C	8	0.000
10523	C	9	0.000
10523	C	10	15.000
10523	C	11	0.000
10523	C	12	0.000
10523	C	13	23.000
10523	C	14	19.000
10523	C	15	35.000
10523	C	16	24.000
10523	C	17	18.000
10523	G	1	23.000
10523	G	2	16.000
10523	G	3	39.000
10523	G	4	30.000
10523	G	5	9.000
10523	G	6	9.000
10523	G	7	0.000
10523	G	8	0.000
10523	G	9	98.000
10523	G	10	83.000
10523	G	11	0.000
10523	G	12	98.000
10523	G	13	38.000
10523	G	14	24.000
10523	G	15	25.000
10523	G	16	29.000
10523	G	17	28.000
10523	T	1	23.000
10523	T	2	27.000
10523	T	3	24.000
10523	T	4	28.000
10523	T	5	2.000
10523	T	6	0.000
10523	T	7	0.000
10523	T	8	0.000
10523	T	9	0.000
10523	T	10	0.000
10523	T	11	99.000
10523	T	12	0.000
10523	T	13	37.000
10523	T	14	44.000
10523	T	15	17.000
10523	T	16	29.000
10523	T	17	19.000
10524	A	1	38.000
10524	A	2	32.000
10524	A	3	13.000
10524	A	4	39.000
10524	A	5	0.000
10524	A	6	21.000
10524	A	7	0.000
10524	A	8	15.000
10524	A	9	0.000
10524	A	10	0.000
10524	A	11	0.000
10524	A	12	0.000
10524	A	13	1.000
10524	A	14	10.000
10524	A	15	31.000
10524	A	16	22.000
10524	C	1	18.000
10524	C	2	18.000
10524	C	3	17.000
10524	C	4	4.000
10524	C	5	97.000
10524	C	6	1.000
10524	C	7	88.000
10524	C	8	0.000
10524	C	9	0.000
10524	C	10	0.000
10524	C	11	0.000
10524	C	12	94.000
10524	C	13	84.000
10524	C	14	52.000
10524	C	15	23.000
10524	C	16	14.000
10524	G	1	25.000
10524	G	2	31.000
10524	G	3	48.000
10524	G	4	53.000
10524	G	5	0.000
10524	G	6	75.000
10524	G	7	0.000
10524	G	8	84.000
10524	G	9	0.000
10524	G	10	99.000
10524	G	11	10.000
10524	G	12	0.000
10524	G	13	1.000
10524	G	14	8.000
10524	G	15	16.000
10524	G	16	31.000
10524	T	1	17.000
10524	T	2	16.000
10524	T	3	20.000
10524	T	4	2.000
10524	T	5	0.000
10524	T	6	2.000
10524	T	7	10.000
10524	T	8	0.000
10524	T	9	98.000
10524	T	10	0.000
10524	T	11	89.000
10524	T	12	4.000
10524	T	13	12.000
10524	T	14	28.000
10524	T	15	28.000
10524	T	16	30.000
10525	A	1	16.000
10525	A	2	21.000
10525	A	3	25.000
10525	A	4	70.000
10525	A	5	2.000
10525	A	6	92.000
10525	A	7	12.000
10525	A	8	1.000
10525	A	9	1.000
10525	A	10	1.000
10525	A	11	16.000
10525	A	12	2.000
10525	A	13	30.000
10525	A	14	35.000
10525	A	15	33.000
10525	A	16	31.000
10525	C	1	9.000
10525	C	2	31.000
10525	C	3	7.000
10525	C	4	6.000
10525	C	5	92.000
10525	C	6	1.000
10525	C	7	13.000
10525	C	8	71.000
10525	C	9	3.000
10525	C	10	2.000
10525	C	11	7.000
10525	C	12	64.000
10525	C	13	12.000
10525	C	14	17.000
10525	C	15	19.000
10525	C	16	21.000
10525	G	1	35.000
10525	G	2	34.000
10525	G	3	64.000
10525	G	4	11.000
10525	G	5	2.000
10525	G	6	3.000
10525	G	7	71.000
10525	G	8	13.000
10525	G	9	1.000
10525	G	10	92.000
10525	G	11	3.000
10525	G	12	7.000
10525	G	13	44.000
10525	G	14	19.000
10525	G	15	35.000
10525	G	16	35.000
10525	T	1	37.000
10525	T	2	13.000
10525	T	3	2.000
10525	T	4	11.000
10525	T	5	1.000
10525	T	6	1.000
10525	T	7	1.000
10525	T	8	12.000
10525	T	9	92.000
10525	T	10	2.000
10525	T	11	71.000
10525	T	12	25.000
10525	T	13	12.000
10525	T	14	27.000
10525	T	15	11.000
10525	T	16	10.000
